-0.17386	-0.070612	0.56255	0.67173	0.71162	0.67916	0.64013	0.57481
-0.87668	0.00868	0.20228	0.21133	0.26774	0.2438	0.24984	0.23842
0.089402	0.051905	-0.0074048	0.16725	0.35528	0.42302	0.3918	0.36317
-0.44413	-0.71673	-0.055446	0.10772	0.21409	0.35113	0.46904	0.46521
0.69537	0.76164	0.89602	0.74214	0.6536	0.57572	0.53683	0.52112
-0.81988	-0.49488	0.24793	0.32401	0.29274	0.38716	0.393	0.41308
0.89611	0.95154	0.93509	0.7597	0.75207	0.73717	0.69385	0.67617
0.8782	0.83859	0.58724	0.62854	0.61671	0.50357	0.46644	0.45145
0.89087	0.92354	0.78342	0.48868	0.51634	0.6059	0.56854	0.52538
0.58267	0.75961	0.53891	0.46675	0.52651	0.5364	0.55717	0.57533
0.95458	0.75882	0.56457	0.61377	0.52952	0.49323	0.52379	0.51126
0.61061	0.89473	0.58077	0.54788	0.64791	0.66505	0.63911	0.5748
-0.43395	0.20459	0.51421	0.53801	0.69034	0.66215	0.62549	0.59796
-0.86498	0.15958	0.17992	0.26028	0.14151	0.29851	0.36372	0.363
-0.90902	0.32728	0.61816	0.73912	0.64676	0.70958	0.66153	0.61965
-0.43848	-0.19997	0.63139	0.46963	0.49347	0.5394	0.56061	0.51521
-0.79403	-0.46337	0.013378	0.28737	0.38016	0.51868	0.53635	0.48713
-0.027712	-0.034089	0.66447	0.48028	0.38468	0.44904	0.46833	0.4553
-0.72852	-0.067235	0.45152	0.3874	0.53894	0.54891	0.52937	0.51675
-0.73725	0.67551	0.20604	0.61173	0.3575	0.45399	0.49415	0.46425
-0.5531	-0.67363	-0.46394	-0.17193	0.15528	0.40467	0.39478	0.42425
0.84192	0.72633	0.74046	0.49276	0.32079	0.34056	0.41566	0.38531
0.63996	0.87004	0.92434	0.82907	0.7242	0.62549	0.52934	0.51906
0.92657	0.92727	0.67768	0.63195	0.47125	0.38591	0.34432	0.31743
0.8724	0.47368	0.67578	0.46374	0.48546	0.56838	0.59869	0.49716
0.77892	0.9079	0.9068	0.81564	0.77513	0.74878	0.68035	0.66646
-0.5828	-0.93592	-0.73406	-0.2212	0.36911	0.40185	0.44719	0.44403
0.96831	0.96827	0.86132	0.61845	0.61338	0.55299	0.56154	0.51118
0.98533	0.94895	0.83591	0.80369	0.77539	0.67317	0.62337	0.53888
0.27639	0.70321	0.59898	0.60986	0.64845	0.67155	0.5982	0.54405
0.97465	0.93408	0.92337	0.87967	0.72717	0.57119	0.5518	0.5157
0.9391	0.80705	0.80699	0.64031	0.5635	0.54899	0.5491	0.53341
-0.899	0.65856	0.76253	0.87496	0.79375	0.74202	0.71103	0.59611
0.94121	0.96058	0.83293	0.73116	0.59733	0.43505	0.55396	0.5546
0.91646	0.9208	0.55617	0.52557	0.57757	0.5987	0.59112	0.50834
0.30029	0.73608	0.58992	0.47321	0.4056	0.49037	0.46701	0.43197
0.55775	-0.62269	-0.30203	0.10348	0.32599	0.42488	0.47479	0.44547
-0.80499	0.82395	0.68534	0.52903	0.35426	0.36096	0.40985	0.39481
-0.37135	-0.26039	-0.18961	0.20229	0.42173	0.55525	0.54289	0.49325
0.10346	-0.70441	0.39869	0.47007	0.39352	0.40631	0.43778	0.38413
0.94125	0.95918	0.57079	0.59048	0.43385	0.43968	0.41816	0.45651
0.90023	0.5482	0.18032	0.087586	0.23268	0.36205	0.40432	0.40331
0.92656	0.71271	0.54604	0.41133	0.38301	0.48693	0.4815	0.4892
0.83747	0.72017	0.83051	0.56133	0.52433	0.51544	0.51714	0.47767
0.94189	0.84559	0.75915	0.69785	0.63094	0.59814	0.56357	0.49235
0.92323	0.87947	0.78408	0.76248	0.74251	0.59533	0.50286	0.44346
0.72018	0.85018	0.81638	0.81162	0.70033	0.64282	0.58104	0.57354
0.91896	0.845	0.87436	0.65502	0.62037	0.56926	0.4809	0.48922
0.73457	0.54631	0.81704	0.3815	0.46399	0.5154	0.5195	0.4868
0.72527	0.81932	0.83062	0.87824	0.70284	0.70813	0.58217	0.52895
0.97876	0.94888	0.81772	0.69584	0.46857	0.51231	0.47563	0.44743
0.95384	0.77037	0.6455	0.61107	0.47201	0.55948	0.55606	0.50224
0.36711	0.51206	0.45733	0.30414	0.35693	0.37432	0.40731	0.40735
0.95825	0.7563	0.56436	0.67926	0.56468	0.61347	0.5563	0.49053
0.97159	0.94208	0.00048851	0.20077	0.23877	0.27677	0.30224	0.32488
-0.83411	-0.45188	0.098787	0.23249	0.46915	0.61304	0.59083	0.5495
0.79507	0.54465	0.30605	0.2113	0.25502	0.35141	0.33377	0.38431
0.68409	0.17897	0.15257	0.31855	0.32432	0.47951	0.44499	0.44384
0.30906	0.75813	0.80876	0.81826	0.73922	0.78769	0.72481	0.73219
-0.42953	-0.35753	0.31861	0.54009	0.61729	0.56059	0.4452	0.4698
0.86082	0.10825	0.20915	0.43954	0.41497	0.41584	0.47432	0.41013
-0.3629	-0.57092	-0.51935	-0.21459	0.064451	0.35859	0.39272	0.35404
0.88455	0.91699	0.87558	0.83153	0.7893	0.66832	0.58513	0.57134
-0.012927	0.16825	0.42288	0.51134	0.57021	0.53246	0.54217	0.51028
0.81774	0.45215	0.56492	0.65294	0.64562	0.5697	0.55337	0.54351
0.88173	0.93791	0.90245	0.84008	0.60884	0.43415	0.40625	0.41018
0.96105	0.83041	0.72816	0.60548	0.58991	0.53521	0.56508	0.41766
0.56831	0.5458	0.63104	0.53054	0.59137	0.64558	0.65511	0.57828
0.79392	0.8175	0.89807	0.83937	0.68698	0.61016	0.53832	0.56977
-0.010662	0.021879	-0.13432	-0.20972	0.069148	0.23506	0.37386	0.44025
0.77633	0.65356	0.41704	0.59909	0.51803	0.60525	0.6313	0.62354
0.67956	0.85817	0.90869	0.48281	0.29947	0.4518	0.50302	0.47767
-0.017017	0.15266	0.64385	0.34686	0.45124	0.56603	0.50957	0.43469
0.79258	0.84862	0.71521	0.68406	0.62365	0.56392	0.44298	0.43002
-0.21946	0.1725	0.31955	0.42806	0.4577	0.48148	0.43616	0.45938
0.8089	0.80563	0.79569	0.69533	0.52439	0.48098	0.39356	0.31857
-0.83763	0.44565	0.7888	0.67932	0.72793	0.66793	0.63953	0.61662
0.76658	0.78375	0.80163	0.4334	0.31435	0.30496	0.32364	0.34613
0.92891	0.90641	0.8134	0.65898	0.60875	0.57887	0.57112	0.53882
0.88321	0.87226	0.84621	0.54891	0.59343	0.60145	0.55367	0.52743
0.82678	0.92324	0.68259	0.65377	0.71842	0.60238	0.53792	0.5225
-0.84488	0.31006	0.59838	0.28672	0.38158	0.37266	0.45636	0.44932
0.93481	0.86005	0.77224	0.63266	0.5969	0.56642	0.51528	0.49342
0.95198	0.81422	0.88941	0.66699	0.58901	0.48713	0.47774	0.48789
0.83152	0.7097	0.71625	0.64175	0.59285	0.56255	0.51941	0.49939
0.54861	0.44387	0.4085	0.099543	0.12853	0.3617	0.3397	0.32382
-0.95071	0.8233	0.85316	0.54608	0.41553	0.40459	0.4266	0.45305
0.40397	0.36593	0.70796	0.25194	0.23196	0.26279	0.52684	0.49113
0.88869	0.92505	0.82881	0.65096	0.64858	0.57622	0.56226	0.54901
0.91482	0.85426	0.53673	0.5821	0.48079	0.48722	0.41038	0.39193
-0.6191	-0.25068	-0.087009	0.44099	0.59191	0.52884	0.45894	0.39557
0.17314	0.64847	0.19449	0.15638	0.28466	0.44237	0.45519	0.40771
0.96387	0.72212	0.75288	0.76792	0.61099	0.58687	0.55963	0.51528
0.43775	0.58768	0.68504	0.65257	0.55009	0.5918	0.53289	0.49147
0.92337	0.90107	0.45823	0.35546	0.51647	0.5035	0.57464	0.54262
0.91783	0.92529	0.97314	0.86802	0.74872	0.60123	0.53365	0.48741
0.56331	0.26099	0.30051	0.30422	0.31869	0.36592	0.40192	0.39333
0.97024	0.55428	0.68441	0.74985	0.65957	0.78058	0.75678	0.66695
0.25397	0.92542	0.94879	0.9402	0.8188	0.72666	0.67404	0.63162
0.9505	0.77197	0.59619	0.5031	0.42604	0.36733	0.38875	0.37057
-0.73347	-0.36387	0.57172	0.51771	0.46017	0.64621	0.57878	0.53892
0.8984	-0.85779	-0.53338	-0.13831	-0.068052	0.094443	0.23248	0.26619
0.93555	0.8127	0.6976	0.6885	0.6052	0.7139	0.70768	0.68613
0.76906	0.60661	0.40694	0.5136	0.41144	0.45413	0.39685	0.42945
0.15433	0.64883	0.4373	0.29783	0.46681	0.55164	0.57266	0.57134
0.89113	0.9419	0.91676	0.85654	0.68089	0.57507	0.55464	0.46998
-0.8274	-0.83681	-0.21835	0.0014281	0.40976	0.57065	0.57891	0.50991
0.96734	0.92666	0.85282	0.82669	0.63127	0.64649	0.53796	0.54106
-0.58411	0.95554	0.91735	0.78169	0.67545	0.5889	0.55561	0.44981
0.91078	0.84236	0.81894	0.73957	0.53281	0.46379	0.52448	0.49034
0.8805	0.78423	0.73236	0.67421	0.51774	0.56231	0.55777	0.51884
-0.89111	0.85063	0.75762	0.61065	0.44698	0.40588	0.40656	0.38946
0.96637	0.96389	0.60558	0.54776	0.59007	0.53073	0.49505	0.4805
0.89746	0.52863	0.088818	0.074145	0.31411	0.39024	0.42312	0.4088
0.45915	0.89233	0.64116	0.61337	0.60406	0.63176	0.61215	0.57824
0.89256	0.51718	0.31037	0.21141	0.098854	0.22776	0.25898	0.33486
-0.78335	-0.51967	0.17199	0.078481	-0.058284	0.22545	0.38591	0.3902
0.82834	0.72684	0.69953	0.74919	0.77182	0.68569	0.63119	0.57064
0.76609	0.20874	0.29845	0.34326	0.38196	0.45136	0.42132	0.43879
0.9403	0.89178	0.93367	0.7736	0.71968	0.64862	0.60802	0.5426
0.9489	0.91646	0.76129	0.6857	0.67369	0.58251	0.46305	0.4925
0.8894	0.60921	0.90382	0.64913	0.68734	0.65069	0.6066	0.57709
-0.42961	0.27427	0.63806	0.5429	0.47332	0.57902	0.52983	0.49365
0.73526	0.88099	0.44764	0.47263	0.44961	0.53506	0.50318	0.4727
0.83653	0.22485	0.48208	0.49566	0.50797	0.52763	0.49957	0.49583
-0.25247	0.084764	0.37395	0.44161	0.52623	0.47344	0.43653	0.391
0.49011	0.082253	-0.33366	-0.24381	0.13021	0.3868	0.46204	0.42487
-0.34231	0.41166	0.17846	0.20768	0.27477	0.43691	0.46708	0.4639
-0.8823	-0.25145	-0.038623	0.16477	-0.065285	0.067626	0.30127	0.28602
0.54956	0.81187	0.81476	0.60872	0.52817	0.57612	0.53905	0.51121
0.87719	0.77899	0.72531	0.82139	0.72361	0.6496	0.5943	0.4829
0.91368	0.83869	0.89501	0.83417	0.76878	0.73053	0.71942	0.62192
0.66054	0.70548	0.70844	0.72542	0.52513	0.56789	0.59532	0.57052
0.91401	0.81891	0.81421	0.8666	0.72905	0.65056	0.59551	0.5051
0.97986	0.69901	0.94045	0.7843	0.7105	0.61889	0.54337	0.50772
0.94832	0.93204	0.91286	0.77407	0.75087	0.72919	0.68065	0.59831
0.40018	-0.54819	-0.41239	-0.29558	0.0058575	0.30478	0.40306	0.40858
0.77582	0.73578	0.43518	0.38734	0.29706	0.3717	0.44601	0.42295
0.79247	0.73139	0.73797	0.72237	0.65662	0.5657	0.52359	0.47991
0.023178	0.71129	0.69582	0.70241	0.66896	0.69182	0.61974	0.58993
0.75449	0.4325	0.11507	0.18781	0.41939	0.44423	0.45996	0.45707
0.93585	0.96085	0.81308	0.6973	0.66462	0.6578	0.62768	0.56679
-0.49738	0.62884	0.67698	0.56612	0.46687	0.60099	0.60072	0.54195
0.97884	0.94022	0.67984	0.65319	0.60154	0.6544	0.66562	0.63457
0.87355	0.89239	0.6282	0.6223	0.51738	0.43088	0.3879	0.41514
0.96987	0.88647	0.91404	0.77839	0.61347	0.61911	0.62182	0.59792
-0.781	0.52563	0.56499	0.56378	0.45555	0.38689	0.5307	0.53827
0.6639	0.57864	0.42894	0.56376	0.63216	0.70601	0.64117	0.56856
0.88904	0.90574	0.87331	0.68867	0.38221	0.38126	0.43697	0.45244
-0.8848	-0.47327	-0.18256	-0.039132	0.29513	0.36361	0.38332	0.40658
0.61236	-0.071796	0.10447	0.14341	0.4524	0.49603	0.45851	0.45995
-0.79541	-0.057404	-0.22078	-0.22566	-0.011691	0.20775	0.31641	0.28652
0.8003	0.89689	0.064795	0.48945	0.58414	0.57675	0.56158	0.49358
0.80258	0.93786	0.85782	0.80658	0.72099	0.75333	0.69409	0.6745
-0.9013	0.89258	0.90609	0.77102	0.71361	0.6599	0.70717	0.68848
0.6415	0.63057	0.47951	0.40678	0.50289	0.49567	0.51651	0.49189
0.93207	0.96737	0.83595	0.73137	0.61236	0.45999	0.50039	0.4541
0.86578	0.38068	0.0053705	0.38789	0.48143	0.4402	0.43934	0.33981
0.55741	-0.32233	0.23089	0.16981	0.081338	0.3111	0.38242	0.41656
0.71379	0.027339	0.12439	0.23953	0.5589	0.50579	0.44843	0.4322
0.82406	0.40118	0.27092	0.39001	0.42863	0.40043	0.45871	0.451
-0.93794	-0.58513	0.30144	0.44923	0.52655	0.52844	0.4998	0.50055
-0.67313	0.39998	0.40202	0.56885	0.52866	0.49376	0.50414	0.53197
0.90952	0.82455	0.89007	0.7436	0.62588	0.52764	0.52076	0.48926
0.31991	-0.31186	-0.088547	0.1552	0.10977	0.22083	0.40949	0.43702
0.96169	0.78084	0.52966	0.38626	0.46465	0.48385	0.46656	0.45198
0.62585	0.21208	0.20757	0.14285	0.18118	0.3045	0.33187	0.35018
0.85999	0.93581	0.85783	0.81398	0.8001	0.78142	0.71799	0.63187
0.69203	0.83045	0.65846	0.70961	0.70641	0.66045	0.63713	0.61162
0.92614	0.70191	0.62256	0.53045	0.73305	0.56861	0.50604	0.44273
0.9587	0.9821	0.93001	0.55892	0.52306	0.61009	0.5594	0.49351
0.87251	0.88373	0.77229	0.42204	0.39748	0.41329	0.36567	0.34435
0.91194	0.97979	0.93163	0.75228	0.69638	0.72641	0.69642	0.66411
0.94246	0.91857	0.53264	0.34193	0.60102	0.65279	0.66945	0.67021
0.91051	0.96742	0.84037	0.65168	0.28419	0.39244	0.47247	0.49456
-0.87809	-0.85955	-0.78623	-0.70771	-0.17396	0.24871	0.45166	0.45717
-0.90012	0.24035	-0.012527	0.0056147	0.15996	0.31207	0.34118	0.36223
0.72237	0.54353	0.85642	0.67174	0.47758	0.45433	0.40726	0.42635
0.14411	0.86493	0.90317	0.8065	0.75065	0.71771	0.61886	0.61376
-0.73767	-0.052983	0.15873	0.42536	0.40491	0.46452	0.43175	0.41658
0.88558	0.79783	0.80883	0.76172	0.61792	0.6705	0.59536	0.58615
0.85323	0.9553	0.87395	0.79663	0.78335	0.77163	0.70478	0.62685
0.68235	0.88378	0.62533	0.39483	0.22497	0.28974	0.33905	0.33976
0.69959	0.88432	0.79725	0.49165	0.37526	0.38885	0.467	0.45252
0.81524	0.91348	0.81445	0.7882	0.50372	0.48242	0.57284	0.58072
0.90655	0.31739	0.43111	0.39563	0.3455	0.40799	0.42308	0.38855
0.89803	0.78343	-0.22422	0.069263	0.19698	0.31299	0.35785	0.40656
0.98126	0.9843	0.6717	0.58234	0.57369	0.42831	0.45963	0.48647
0.94959	0.93578	0.84621	0.66685	0.6035	0.61841	0.57249	0.54465
0.97094	0.97238	0.61113	0.39604	0.53671	0.43442	0.47867	0.52052
0.89192	0.97796	0.90493	0.76163	0.74457	0.76375	0.68982	0.65024
0.96329	0.9561	0.89571	0.8622	0.75989	0.64073	0.54086	0.48351
0.97982	0.94958	0.85152	0.74261	0.65616	0.59472	0.58921	0.54322
0.92496	0.90392	0.94941	0.84618	0.72995	0.62439	0.54593	0.54053
0.53242	0.81867	0.87645	0.72719	0.63027	0.56725	0.51377	0.48204
-0.73419	-0.36559	0.06486	0.51205	0.63793	0.63633	0.57679	0.52123
0.85357	0.88679	0.46385	0.44192	0.46313	0.44804	0.42504	0.47928
0.55921	0.80757	0.38837	0.46016	0.5645	0.61394	0.59096	0.56376
-0.83036	-0.84136	-0.71364	-0.47149	-0.037315	0.20271	0.28551	0.25591
0.96669	0.97388	0.57655	0.37385	0.074807	0.077608	0.16193	0.26404
-0.72533	-0.72184	-0.26154	-0.18152	0.088735	0.12392	0.18736	0.28405
0.94078	0.7982	0.91012	0.82765	0.69371	0.65459	0.65386	0.64002
-0.58574	-0.63723	0.065162	0.13055	0.33056	0.48542	0.50054	0.51556
0.88166	0.65411	0.73051	0.59549	0.47705	0.33452	0.36127	0.36558
0.92087	0.82661	0.80022	0.68996	0.59659	0.45733	0.48759	0.49193
-0.67201	-0.33474	0.1201	0.11622	0.32291	0.42977	0.42342	0.43183
0.94474	0.88779	0.82505	0.77821	0.81313	0.70741	0.60054	0.49713
0.77103	0.76469	0.70062	0.72891	0.59757	0.64143	0.61606	0.5115
-0.67511	0.43242	0.27106	0.44816	0.38021	0.35084	0.34178	0.37635
0.80854	0.86367	0.84124	0.70796	0.63457	0.53932	0.39576	0.34513
-0.36822	0.34058	0.43608	0.58942	0.50413	0.4873	0.51865	0.47713
0.6293	0.55571	0.70409	0.66714	0.6303	0.54699	0.51945	0.44698
-0.90386	-0.57993	-0.099792	0.51918	0.49948	0.44034	0.44265	0.40204
0.90838	0.96349	0.95555	0.80908	0.75519	0.68366	0.63485	0.57743
-0.31743	-0.49929	0.44715	0.40833	0.42606	0.46942	0.45214	0.48241
0.59595	0.58403	0.67767	0.58318	0.59873	0.57554	0.5114	0.4965
0.80373	0.82476	0.6593	0.5547	0.5032	0.45735	0.46123	0.42538
0.19277	0.86732	0.7893	0.4808	0.25374	0.29527	0.3083	0.35599
0.89202	0.6994	0.57105	0.2896	0.3121	0.31339	0.29367	0.27677
0.87765	0.98144	0.91965	0.81776	0.84674	0.79017	0.75688	0.66808
0.838	0.91663	0.88206	0.60477	0.45716	0.46975	0.56618	0.54278
0.2144	0.21975	0.33278	0.38013	0.27432	0.47755	0.44299	0.41977
-0.90707	-0.39868	-0.12427	0.36292	0.51273	0.5861	0.56415	0.52534
-0.91424	0.92434	0.92206	0.77133	0.5167	0.53024	0.48435	0.45817
-0.6982	-0.056593	0.16305	0.51254	0.54626	0.50571	0.50303	0.5583
0.98865	-0.34236	-0.73439	-0.35342	-0.10073	0.071337	0.17299	0.2705
0.98909	0.98704	0.93902	0.83147	0.80612	0.83923	0.77422	0.627
0.30639	0.52838	0.45344	0.44006	0.37317	0.43173	0.46014	0.43623
0.76949	0.073767	-0.19065	0.43691	0.42484	0.46563	0.40987	0.38281
0.9737	0.77222	0.53917	0.37324	0.41263	0.4589	0.4618	0.44896
0.80311	0.36797	0.55614	0.5656	0.26675	0.25298	0.14223	0.24135
0.93367	0.86248	0.62615	0.78416	0.76602	0.64856	0.6365	0.60887
0.8271	0.8385	0.8119	0.79031	0.66218	0.56736	0.58775	0.48695
0.91509	0.9474	0.96208	0.8958	0.83933	0.71665	0.64196	0.54546
0.48459	0.82641	0.63672	0.70229	0.59534	0.68005	0.61664	0.562
0.89208	0.90388	0.71742	0.48968	0.34465	0.39205	0.46086	0.42681
0.87461	0.85751	0.7684	0.78965	0.7989	0.56345	0.46174	0.41454
-0.89679	0.6983	0.60498	0.20117	0.19698	0.36934	0.39499	0.46738
0.86146	0.79616	0.89575	0.80375	0.65835	0.65682	0.62206	0.5778
0.88371	-0.085818	-0.089631	0.55945	0.5399	0.63617	0.62664	0.62163
0.80323	0.52601	0.64911	0.52041	0.5457	0.55632	0.56074	0.51532
0.8883	0.95624	0.7503	0.70363	0.55159	0.62558	0.61838	0.53508
-0.74831	0.40861	0.43743	0.39665	0.40163	0.43212	0.46996	0.43586
0.92352	0.73922	0.60535	0.62781	0.61236	0.56961	0.49223	0.43536
0.96367	0.83298	0.77493	0.61657	0.48124	0.45469	0.4018	0.35631
0.88138	0.94646	0.89431	0.7962	0.76999	0.7472	0.67005	0.66625
-0.52145	0.028592	0.6725	0.73396	0.69138	0.54172	0.43037	0.39463
0.9046	0.64364	0.43644	0.47477	0.63298	0.67389	0.61595	0.51221
0.8912	0.85129	0.90282	0.87869	0.83108	0.69548	0.61264	0.53839
-0.21115	-0.079662	-0.096669	0.12761	0.32785	0.37231	0.35575	0.3412
-0.96477	-0.076893	0.406	0.56651	0.34	0.3655	0.35808	0.31504
0.83716	0.95261	0.86989	0.7634	0.73072	0.73393	0.69229	0.66895
0.71976	0.98814	0.95292	0.86851	0.75824	0.73702	0.71334	0.64041
0.91762	0.84335	0.7911	0.73904	0.54505	0.33048	0.38026	0.3232
-0.02301	-0.11794	-0.021863	0.37336	0.5658	0.73032	0.66165	0.63095
0.95478	0.93797	0.91053	0.89041	0.87525	0.72632	0.69338	0.63088
0.75553	0.88797	0.76109	0.6669	0.61798	0.63332	0.57664	0.50442
0.91542	0.9606	0.9281	0.77755	0.71253	0.73882	0.72288	0.64
-0.14705	-0.10252	0.1506	0.3301	0.32873	0.29085	0.33905	0.35305
-0.95469	-0.018552	0.29104	0.51285	0.55697	0.58315	0.60878	0.56621
-0.75123	0.10087	0.63222	0.644	0.65323	0.62806	0.57415	0.54124
0.8409	0.93817	0.95786	0.85259	0.6547	0.50936	0.49575	0.48603
0.85253	0.79291	0.81014	0.61587	0.63473	0.6211	0.59242	0.57917
-0.44868	-0.10646	0.019098	0.040666	0.1626	0.19965	0.31648	0.34087
0.80983	0.64776	0.68004	0.69784	0.59385	0.62917	0.58264	0.54624
0.51801	0.86808	0.73989	0.71584	0.53265	0.56573	0.57454	0.5889
0.97209	0.96694	0.85923	0.65291	0.65177	0.65377	0.60884	0.58183
-0.91908	-0.86061	0.15014	0.3292	0.3023	0.357	0.49201	0.47021
0.80872	0.50893	0.68028	0.6045	0.56685	0.58345	0.53564	0.5243
0.79684	0.53955	0.033781	0.27099	0.36598	0.38864	0.37359	0.338
-0.63646	-0.26537	0.011421	-0.18436	0.12804	0.30582	0.35672	0.36758
0.24978	0.89592	0.86411	0.52864	0.61712	0.69825	0.63533	0.55018
0.54797	0.41754	0.66934	0.69147	0.64509	0.61906	0.58214	0.56374
0.94064	0.97226	0.9339	0.85347	0.63201	0.6046	0.56599	0.56509
-0.46506	-0.16556	-0.21665	-0.1135	0.25848	0.30482	0.30345	0.32895
0.95902	0.81355	0.90014	0.62997	0.6596	0.53267	0.5042	0.47464
-0.76919	-0.097256	0.19944	0.34016	0.36747	0.47724	0.45198	0.42662
0.93204	0.05384	0.28248	0.20452	0.29302	0.26014	0.2919	0.29017
-0.891	-0.16292	0.073615	0.31367	0.4985	0.58751	0.55575	0.50535
0.93347	0.92385	0.71935	0.60145	0.56211	0.55548	0.47003	0.4239
-0.98761	0.60903	0.59214	0.4475	0.42349	0.49855	0.50145	0.46373
0.63181	0.38625	0.17131	0.23738	0.40212	0.53674	0.53909	0.52552
0.94948	0.75234	0.053202	0.43494	0.49917	0.5694	0.57184	0.5605
0.65946	0.017102	-0.08831	0.060411	0.31237	0.39271	0.36727	0.35214
0.92587	0.87114	0.71417	0.59422	0.56832	0.52679	0.49175	0.42492
0.84543	0.49485	-0.14385	-0.035981	-0.023131	0.14358	0.26275	0.28521
0.63122	-0.18965	-0.10826	0.1726	0.29582	0.44487	0.47535	0.46244
-0.89661	-0.42519	-0.32545	-0.024395	0.22473	0.15296	0.26814	0.25839
0.19959	0.77811	0.71742	0.73224	0.72965	0.63658	0.58464	0.50563
0.82318	0.86162	0.89435	0.87415	0.75799	0.62428	0.64422	0.57623
0.96579	0.84742	0.61699	0.44519	0.3051	0.13801	0.21746	0.2805
0.81661	0.76909	0.5629	0.66663	0.65324	0.54928	0.52733	0.46813
0.80984	0.807	0.63257	0.75186	0.68674	0.62854	0.59075	0.59183
0.93606	0.92945	0.55792	0.43873	0.41642	0.38988	0.34401	0.36653
-0.83136	-0.81679	-0.3768	-0.26838	-0.0056303	0.22989	0.31652	0.36351
0.79567	0.89173	0.90218	0.7245	0.61693	0.564	0.55406	0.47094
0.13253	0.2594	0.52321	0.3852	0.47676	0.37136	0.45784	0.45072
0.81111	0.91401	0.82175	0.74493	0.73311	0.62515	0.48715	0.43703
0.76298	0.67577	0.61745	0.60263	0.76345	0.69199	0.65391	0.51769
0.95683	0.96162	0.90287	0.74547	0.67053	0.6225	0.5906	0.56966
-0.35215	-0.049433	0.40308	0.45062	0.30522	0.34467	0.3791	0.37702
0.75369	0.72106	0.8357	0.74374	0.51642	0.49365	0.51583	0.52232
-0.86208	0.024114	0.46051	0.81291	0.65244	0.61938	0.54614	0.51935
0.71499	0.65214	0.80251	0.68793	0.67701	0.57247	0.57799	0.55247
-0.45169	0.83694	0.78073	0.87358	0.8206	0.72551	0.71042	0.6427
0.891	0.95747	0.89749	0.77306	0.74516	0.73949	0.69369	0.68254
0.81406	0.9217	0.87851	0.79397	0.78127	0.75634	0.67982	0.66989
0.70326	0.70238	0.63688	0.69371	0.71244	0.56097	0.61688	0.62503
-0.65302	-0.4814	0.20415	0.44434	0.44162	0.46421	0.52052	0.53096
-0.87295	-0.38871	0.46186	0.67058	0.75795	0.73178	0.69243	0.64286
-0.92697	0.0011629	0.24959	0.27007	0.41486	0.46291	0.48746	0.49204
0.86628	0.90098	0.71233	0.60608	0.47541	0.52416	0.50481	0.47646
0.91569	0.86023	0.89578	0.88374	0.79548	0.70647	0.68922	0.60608
-0.17703	0.29589	0.51403	0.29541	0.41166	0.39724	0.39604	0.35026
0.8359	0.73137	0.83683	0.69077	0.53363	0.44988	0.49522	0.4744
0.97953	0.92804	0.94803	0.80926	0.76538	0.58824	0.56259	0.56041
0.73155	0.90261	0.54368	0.57912	0.66256	0.59472	0.5901	0.55874
0.39692	0.47819	0.46643	0.50228	0.35292	0.38382	0.38442	0.45937
-0.84067	0.7647	0.45563	0.56314	0.46604	0.44283	0.62063	0.56418
0.70834	0.8723	0.85856	0.80917	0.83784	0.73711	0.64198	0.598
0.38428	-0.016533	0.65173	0.56783	0.55453	0.56539	0.54664	0.50586
0.83348	0.84482	0.4131	0.28264	0.27912	0.53923	0.61131	0.54702
0.81222	0.9625	0.90285	0.78937	0.79346	0.72522	0.68849	0.64583
-0.95011	0.13128	0.17114	0.77025	0.70475	0.69911	0.61714	0.55528
0.015759	0.35043	0.066945	0.14691	0.24624	0.32364	0.35136	0.35755
0.86037	0.74111	0.85849	0.81586	0.5489	0.45822	0.38843	0.34591
0.95213	0.83848	0.71735	0.47189	0.45305	0.41082	0.36898	0.39201
0.24316	0.33391	0.2503	0.43266	0.54377	0.5632	0.51491	0.45437
0.008764	0.7562	0.87978	0.88038	0.75193	0.73178	0.5958	0.58583
0.56057	0.61732	0.21314	0.56655	0.49141	0.45417	0.37018	0.36486
0.73609	0.61877	0.026622	0.14091	0.31008	0.40082	0.4563	0.45684
0.69438	0.68088	0.43329	0.69925	0.53783	0.40783	0.46942	0.4667
-0.74602	0.36439	0.49153	0.60533	0.66331	0.6175	0.64625	0.61706
0.96054	0.90106	0.94722	0.80166	0.70945	0.57628	0.58234	0.52734
0.63222	0.051467	-0.12741	0.13635	0.23574	0.32769	0.39795	0.42932
-0.95264	-0.48524	0.87163	0.39044	0.37305	0.3814	0.4202	0.39836
0.81328	0.92098	0.84975	0.6886	0.57607	0.40019	0.4334	0.45725
0.96712	0.96786	0.95925	0.85452	0.62946	0.5232	0.52559	0.45004
0.186	0.57528	0.83387	0.73265	0.62917	0.51145	0.49705	0.48694
0.92091	0.68581	0.78317	0.66758	0.59667	0.57629	0.51795	0.51513
0.89221	0.97229	0.90542	0.80358	0.78961	0.72363	0.64937	0.6198
0.55781	0.39058	0.23797	0.33571	0.42183	0.36395	0.41679	0.37267
-0.4881	0.55917	0.87104	0.83122	0.76125	0.68903	0.68652	0.60392
-0.86969	0.19656	0.90538	0.43215	0.21626	0.28113	0.39073	0.39367
0.89237	0.82856	0.3495	0.44394	0.42407	0.51492	0.56368	0.50531
0.31185	0.38394	0.49055	0.46125	0.50199	0.45707	0.48007	0.40616
-0.59496	-0.17224	-0.053546	0.039854	0.13414	0.16302	0.2143	0.28171
0.94729	0.91627	0.8066	0.58532	0.42507	0.49948	0.43686	0.37021
0.93321	0.49086	0.35961	0.30892	0.29268	0.45815	0.49021	0.45828
0.87477	0.855	0.71577	0.63719	0.59497	0.56069	0.52487	0.48813
0.84007	0.79858	0.69514	0.62918	0.6222	0.65751	0.65213	0.65415
0.87487	0.56491	0.90357	0.80399	0.73031	0.61517	0.54644	0.5239
0.97718	0.96781	0.96534	0.80061	0.63376	0.64799	0.66539	0.62829
0.96502	0.77542	0.79753	0.6909	0.45316	0.49259	0.4627	0.42737
0.90099	0.79828	0.73433	0.53004	0.46446	0.49002	0.46697	0.45576
0.96978	0.95816	0.84334	0.66086	0.53569	0.50289	0.51176	0.49503
-0.65459	0.59938	0.59936	0.84766	0.80122	0.64575	0.56533	0.5111
0.94889	0.86093	0.33665	0.55887	0.43148	0.3772	0.37667	0.35953
0.89922	0.70033	0.53784	0.65778	0.70334	0.5941	0.56487	0.53105
0.60717	0.43361	0.30516	0.33348	0.44447	0.48392	0.49733	0.49903
0.61358	0.88407	0.9092	0.61663	0.57545	0.53502	0.5213	0.5403
-0.8396	-0.55439	0.42405	0.54233	0.5388	0.6207	0.61406	0.56913
0.67246	0.40842	0.85054	0.85695	0.79092	0.71747	0.65535	0.61639
0.89983	0.77593	0.68336	0.63161	0.57659	0.52669	0.53817	0.53884
0.94921	0.89393	0.47595	0.62859	0.60401	0.56748	0.50964	0.46832
0.90109	0.86573	0.81255	0.74518	0.72337	0.68242	0.56887	0.53424
0.96709	0.75427	0.69231	0.61649	0.60321	0.58281	0.57172	0.49952
-0.745	0.49433	0.45778	0.63563	0.61558	0.62799	0.58564	0.51638
0.94084	0.80217	0.17925	0.59537	0.5483	0.6131	0.57921	0.53593
0.62968	0.17777	0.40609	0.32191	0.14766	0.29433	0.33707	0.37043
0.6905	0.96591	0.68303	0.7463	0.74556	0.52344	0.51934	0.4392
0.91767	0.843	0.73549	0.65322	0.57247	0.51669	0.48767	0.49727
0.88978	0.88835	0.90893	0.80408	0.47312	0.39949	0.39305	0.46549
0.94034	0.91114	0.91497	0.77046	0.69244	0.57767	0.542	0.51972
0.32743	0.66918	0.37775	0.56323	0.58286	0.56352	0.52819	0.50553
-0.86626	-0.40036	-0.090453	0.50639	0.52246	0.55397	0.5755	0.5199
0.25406	-0.31503	0.14144	0.061888	0.20539	0.3133	0.34677	0.2618
0.84074	0.67672	0.79839	0.76332	0.70046	0.55556	0.50005	0.46024
0.72764	0.56758	0.57776	0.67667	0.63021	0.58846	0.521	0.45117
-0.4148	0.22328	0.79959	0.56747	0.57396	0.48176	0.47412	0.46159
0.33807	0.83048	0.84896	0.76102	0.60272	0.50515	0.45528	0.46047
0.83409	0.87744	0.51428	0.39572	0.48744	0.61191	0.62329	0.60338
0.71566	0.89831	0.79189	0.83416	0.67337	0.57371	0.64011	0.58793
0.86467	0.8263	0.7852	0.31588	0.46221	0.4366	0.44313	0.40275
0.85238	0.90516	0.81545	0.84414	0.63815	0.5479	0.50166	0.44922
0.86446	0.72993	0.20904	0.042201	0.14376	0.27984	0.33463	0.29171
0.95721	0.16739	0.18406	0.38758	0.46359	0.40171	0.35815	0.41138
-0.015728	0.025584	0.29477	0.38707	0.46368	0.36456	0.39552	0.37079
-0.75515	-0.42126	0.31217	0.16305	0.46001	0.42088	0.49679	0.48117
0.67185	0.2401	0.26423	0.36829	0.43152	0.39109	0.4056	0.3871
0.68787	0.53889	0.50538	0.50174	0.50539	0.58834	0.58786	0.5403
-0.55033	0.72103	0.62346	0.65992	0.56074	0.57081	0.54872	0.52856
-0.30687	-0.099431	0.56016	0.4398	0.42695	0.41345	0.43082	0.41647
0.59022	0.56461	0.75425	0.54635	0.63731	0.541	0.45043	0.3751
0.83604	0.72771	0.64375	0.6141	0.59765	0.55272	0.47838	0.40103
0.76194	0.91577	0.78873	0.66268	0.69758	0.72731	0.7039	0.65323
0.92197	0.9561	0.82464	0.60672	0.53197	0.59927	0.56056	0.49656
0.82825	0.65472	0.89561	0.70548	0.6837	0.7091	0.64	0.59201
0.81798	0.86922	0.57506	0.5879	0.45128	0.31248	0.30177	0.29548
0.92862	0.98038	0.93341	0.76582	0.72534	0.70824	0.61436	0.56628
0.55334	0.41902	0.20245	0.050017	0.07339	0.24532	0.37528	0.44497
0.96103	0.95971	0.82118	0.7833	0.72741	0.63599	0.58696	0.50346
0.41653	0.80578	0.65207	0.61482	0.70899	0.54348	0.49052	0.48018
0.97291	0.8212	0.85711	0.81252	0.72729	0.60482	0.54342	0.44202
0.97767	0.47524	0.63657	0.74919	0.63136	0.67578	0.62814	0.59568
0.80271	0.8282	0.77158	0.61974	0.58176	0.56406	0.54678	0.51748
-0.89527	0.5998	0.57828	0.70981	0.74944	0.7304	0.66241	0.57282
0.93362	0.8574	0.79958	0.65523	0.56745	0.60446	0.53903	0.57248
0.93429	0.46804	0.54805	0.57388	0.5717	0.59908	0.59379	0.58021
-0.95458	0.69269	0.94993	0.65496	0.70185	0.60722	0.53776	0.50895
0.48611	0.90195	0.79485	0.79052	0.78112	0.71546	0.65033	0.63049
0.77363	-0.012204	0.040995	0.30433	0.44626	0.44456	0.45072	0.44916
0.84837	0.74403	0.49298	0.45604	0.4472	0.54981	0.53971	0.47206
-0.92294	-0.0093222	0.40325	0.25957	0.18249	0.34854	0.43559	0.46306
0.8764	0.90855	0.79018	0.7321	0.56111	0.5448	0.56943	0.55153
0.32317	0.78223	0.61994	0.66614	0.58302	0.54901	0.52375	0.49561
0.24352	0.94908	0.89073	0.71435	0.73018	0.68495	0.65943	0.5294
0.29871	0.42362	0.26597	0.48503	0.72605	0.62165	0.54864	0.534
0.60414	-0.30905	-0.17877	-0.054213	0.023418	0.12782	0.2228	0.27953
0.88358	0.3098	0.41014	0.4063	0.24769	0.37358	0.4213	0.45448
0.82917	0.73293	0.54618	0.52892	0.371	0.34129	0.42915	0.43274
0.95642	0.79642	0.80997	0.81692	0.76698	0.71269	0.64575	0.58743
0.80226	0.74202	0.80971	0.78387	0.7575	0.68709	0.66201	0.60217
0.86531	0.87126	0.84346	0.56669	0.69715	0.64353	0.64396	0.61927
0.79482	0.89055	0.91365	0.9245	0.79033	0.61715	0.52977	0.46728
0.55412	-0.10287	0.4389	0.597	0.60243	0.60924	0.55903	0.51492
-0.17711	0.16534	0.68868	0.47605	0.51516	0.49446	0.53403	0.49861
0.87081	0.87385	0.9627	0.72011	0.51708	0.58351	0.58713	0.54981
0.86887	0.808	0.92933	0.77165	0.70046	0.66565	0.60449	0.58667
0.9669	0.97127	0.84077	0.75067	0.62467	0.59536	0.57255	0.54952
0.97694	0.99045	0.96724	0.88135	0.78007	0.69543	0.66187	0.59631
0.8871	0.64352	0.59752	0.55448	0.54872	0.51112	0.38004	0.35851
0.89698	0.9443	0.95089	0.70535	0.54731	0.58586	0.52798	0.47895
-0.35951	0.17252	0.5049	0.50846	0.49475	0.42639	0.49403	0.50921
0.92067	0.80628	0.21422	0.057335	0.36122	0.56687	0.5876	0.53242
0.84376	0.97382	0.81597	0.64431	0.60885	0.61081	0.62301	0.57086
0.81074	0.87777	0.93815	0.93946	0.86997	0.64225	0.59209	0.58932
0.90221	0.8629	0.67591	0.76025	0.75492	0.65176	0.56659	0.56929
0.81048	0.90298	0.83212	0.7962	0.75306	0.71826	0.65316	0.57407
0.177	0.51891	0.89292	0.83403	0.69516	0.69948	0.6862	0.64009
0.40003	0.46673	0.10928	0.25041	0.3928	0.48791	0.51652	0.55356
-0.5128	0.039321	0.63384	0.54593	0.49122	0.47998	0.48831	0.43254
0.93182	0.51613	0.33817	0.45945	0.50412	0.53505	0.45888	0.4562
0.44914	-0.039428	0.32668	0.71023	0.6155	0.54471	0.46028	0.44285
0.93455	0.58088	0.35426	0.16111	0.25523	0.32057	0.25853	0.24688
0.90821	-0.15946	0.22404	0.52242	0.3541	0.21653	0.33624	0.42243
0.83874	0.92578	0.82682	0.77032	0.79837	0.72051	0.64411	0.59809
0.89174	0.83882	0.38203	0.28814	0.3766	0.43193	0.40023	0.37592
0.80681	0.69411	0.68692	0.6546	0.63199	0.51682	0.4296	0.42179
-0.49917	0.3249	-0.14989	0.23813	0.26925	0.3648	0.41662	0.309
0.99175	0.97447	0.82915	0.75161	0.78226	0.53432	0.5263	0.48294
0.68796	-0.2729	0.1778	0.15252	0.36597	0.54258	0.66421	0.6486
0.83747	0.80909	0.81794	0.53569	0.24317	0.32998	0.33526	0.35102
-0.65951	-0.57869	0.38715	0.50199	0.44619	0.32482	0.39331	0.37919
-0.70733	-0.68884	-0.51391	-0.27614	0.096377	0.27156	0.34652	0.4042
0.58127	0.77313	0.37238	0.47119	0.46853	0.42672	0.3875	0.40568
0.19712	-0.34997	0.45172	0.41877	0.50423	0.49064	0.43522	0.45262
0.88154	0.65668	0.48874	0.69584	0.64915	0.61729	0.59067	0.52869
-0.88395	-0.12015	0.11845	0.1438	0.4634	0.54882	0.5133	0.49871
0.36845	0.88349	0.80642	0.7905	0.69551	0.70565	0.65792	0.60918
0.89192	0.97796	0.90493	0.76163	0.74457	0.76375	0.68982	0.65024
0.92535	0.96617	0.90459	0.77509	0.76106	0.7517	0.70136	0.65509
0.47057	0.30953	0.38956	0.54649	0.53287	0.50943	0.50498	0.50785
0.21706	0.64231	0.63613	0.72892	0.66501	0.64351	0.58295	0.4901
0.78944	0.83849	0.78958	0.6269	0.44275	0.50094	0.53987	0.46713
0.9116	0.88534	0.65421	0.4153	0.40951	0.15203	0.19019	0.23723
0.87726	0.59764	-0.068509	-0.013305	0.13931	0.26852	0.33032	0.37165
0.66201	0.7371	0.72727	0.73586	0.61884	0.52774	0.53704	0.55346
0.83852	0.84395	0.73062	0.72536	0.67568	0.56482	0.52397	0.49389
-0.96164	-0.34887	0.24658	0.4545	0.5625	0.53173	0.5152	0.54327
0.68009	0.90752	0.89817	0.80412	0.80764	0.70945	0.63243	0.54617
-0.78709	0.89921	0.93126	0.71197	0.62026	0.58991	0.64811	0.51847
0.97495	0.95803	0.89933	0.85353	0.74736	0.73334	0.65193	0.61195
0.87246	0.9287	0.91157	0.88418	0.77769	0.78324	0.7491	0.60249
0.95628	0.77098	0.70072	0.78199	0.81089	0.71114	0.63565	0.59183
0.80191	0.73149	0.52666	0.28262	0.26402	0.46488	0.46544	0.43602
0.51116	0.60153	0.76368	0.59768	0.4953	0.48297	0.52982	0.51021
0.95916	0.051085	0.63526	0.60512	0.6857	0.56499	0.53001	0.43268
-0.18104	0.54184	0.82533	0.49089	0.69962	0.55522	0.46373	0.38786
0.9698	0.84156	0.56711	0.5464	0.62183	0.64996	0.54825	0.53692
0.65897	0.91541	0.79923	0.63904	0.68327	0.66432	0.61833	0.58152
0.94257	0.88003	0.61668	0.6654	0.49447	0.59496	0.66395	0.63686
0.81053	0.63709	0.677	0.65729	0.64578	0.62691	0.63872	0.60031
-0.24144	0.5244	0.2226	0.12625	0.24142	0.35487	0.31672	0.31874
-0.87375	-0.20274	0.080504	0.46977	0.50552	0.52903	0.50079	0.48789
-0.76903	-0.93856	-0.30107	-0.027053	0.13042	0.3989	0.50216	0.49658
0.38183	0.038133	0.33846	0.48735	0.42827	0.51396	0.46933	0.4093
-0.89162	0.068671	0.43886	0.25677	0.3706	0.39556	0.38461	0.36991
0.65284	0.41614	0.49251	0.53699	0.61107	0.66755	0.67795	0.60852
0.92644	0.071066	0.19501	0.33171	0.46144	0.46278	0.47241	0.47949
-0.84691	-0.7596	-0.054789	0.17175	0.1229	0.26352	0.32516	0.37473
0.50097	-0.13257	0.15573	0.22888	0.25373	0.31095	0.29723	0.28503
0.77872	0.86127	0.92442	0.8663	0.62147	0.53027	0.50154	0.40709
0.82341	0.96716	0.54784	0.50305	0.52888	0.61392	0.58974	0.54992
0.94329	0.89851	0.58074	0.45322	0.56993	0.38103	0.36393	0.33665
0.5409	0.38877	0.61666	0.31962	0.26846	0.4642	0.53341	0.55951
0.64192	0.74958	0.557	0.51866	0.46227	0.48369	0.46838	0.41152
-0.80908	0.38352	0.80778	0.85033	0.74327	0.72548	0.64475	0.56846
0.95882	0.80978	0.76233	0.59282	0.62824	0.55867	0.59705	0.55992
0.96487	0.85103	0.87087	0.65837	0.39357	0.40348	0.43601	0.43567
0.77648	0.51583	0.69436	0.66162	0.72129	0.65032	0.64994	0.6315
0.9373	0.86542	0.93858	0.79587	0.62461	0.5759	0.57071	0.50275
0.71349	0.24772	0.41634	0.33421	0.28308	0.49918	0.48711	0.5015
-0.44713	-0.77913	-0.33672	-0.027073	0.079899	0.27037	0.47003	0.46721
0.91902	0.92661	0.80095	0.73558	0.68843	0.59391	0.55264	0.52554
-0.73055	-0.66074	-0.082859	-0.053942	0.27788	0.29132	0.34258	0.37788
0.5233	0.025149	0.36322	0.36233	0.39055	0.51494	0.49978	0.46931
0.63193	0.655	0.60752	0.63322	0.50058	0.50135	0.51129	0.49174
0.49257	0.51795	0.62808	0.56625	0.60284	0.52925	0.46266	0.41501
0.93197	0.93577	0.92536	0.83902	0.74246	0.70726	0.70156	0.64538
0.7818	0.97407	0.90779	0.86066	0.74616	0.68779	0.6148	0.59961
0.84277	0.69314	0.76537	0.51414	0.55517	0.55603	0.53688	0.52307
0.97753	0.98742	0.82995	0.78973	0.65388	0.61185	0.51922	0.47875
-0.8525	0.25566	0.6367	0.79951	0.51766	0.53465	0.5616	0.54787
0.87921	0.52488	0.33287	0.53111	0.66704	0.68078	0.6443	0.61742
0.88018	0.95841	0.71988	0.66317	0.70472	0.60637	0.45634	0.33138
0.80499	0.63349	0.40955	0.28202	0.32332	0.51881	0.48947	0.48232
-0.8876	-0.16637	0.59911	0.59617	0.49987	0.46032	0.46883	0.43286
-0.95122	0.6823	0.83303	0.66729	0.47713	0.28812	0.31177	0.39451
0.96222	0.98332	0.8567	0.79145	0.51799	0.36796	0.35267	0.33649
0.96632	0.94153	0.98358	0.95487	0.88145	0.85496	0.74814	0.70514
0.95339	0.86512	0.73756	0.54806	0.42374	0.3744	0.41758	0.39879
-0.51083	-0.18598	0.28773	0.54149	0.44512	0.45591	0.45045	0.43045
0.86829	0.8633	0.72832	0.77732	0.70658	0.72481	0.7269	0.68078
0.91708	0.95416	0.82345	0.65905	0.54913	0.52294	0.44782	0.41633
0.33926	0.26208	-0.21458	0.23823	0.28823	0.4018	0.44263	0.30612
-0.83163	0.24081	0.44766	0.37611	0.40662	0.43987	0.45034	0.43028
-0.070118	0.53147	0.55092	0.59455	0.50024	0.46064	0.46573	0.45732
0.73374	0.85921	0.81656	0.60514	0.64106	0.63772	0.5412	0.494
0.8394	-0.38806	0.55764	0.49199	0.21684	0.36421	0.41062	0.3848
0.92946	0.84331	0.87767	0.71046	0.6369	0.58264	0.54239	0.51973
-0.77596	0.12678	0.79192	0.41983	0.2364	0.30974	0.37861	0.42332
-0.74432	-0.59974	0.037879	0.29607	0.4156	0.41229	0.41728	0.40758
0.94155	0.94545	0.84958	0.73424	0.6085	0.61457	0.58006	0.50269
0.94135	0.78277	0.62888	0.65924	0.59557	0.60019	0.58378	0.51943
0.89782	0.96046	0.85769	0.85825	0.68975	0.57988	0.57216	0.54304
0.71203	0.88643	0.73468	0.75767	0.6276	0.67703	0.65204	0.55794
-0.19314	-0.52366	-0.76254	-0.26044	0.19967	0.19748	0.34417	0.41956
0.93384	0.90803	0.90953	0.70239	0.76331	0.72026	0.6984	0.61284
-0.15514	0.6382	0.61562	0.82642	0.77001	0.6151	0.54034	0.46825
0.96079	0.92576	0.82289	0.82736	0.72969	0.67581	0.59616	0.54142
0.96631	0.66274	0.58458	0.53399	0.56448	0.6553	0.62212	0.62573
0.14113	0.68889	0.74496	0.60255	0.69151	0.70727	0.6692	0.68276
0.62772	0.26871	0.56338	0.49009	0.44369	0.44771	0.45331	0.49885
0.9782	0.92392	0.27198	0.076781	0.17912	0.35153	0.33718	0.24045
0.86107	0.9224	0.80081	0.71127	0.71744	0.68642	0.57968	0.56152
0.69726	0.24902	0.80638	0.77092	0.75107	0.748	0.69231	0.60323
0.86256	0.63435	0.64829	0.65713	0.68074	0.6448	0.61758	0.55517
0.88481	0.78012	0.68477	0.62692	0.57715	0.54418	0.60569	0.56737
0.91941	0.86366	0.88313	0.78152	0.64289	0.59217	0.55573	0.44877
-0.74222	-0.94002	-0.14567	0.44691	0.51794	0.45782	0.47063	0.46573
-0.89379	0.55193	0.65209	0.70165	0.63334	0.68137	0.64282	0.6048
0.9112	0.73572	0.71495	0.52064	0.69832	0.63448	0.54937	0.48387
-0.9702	-0.97077	-0.47494	-0.39022	-0.10063	0.061038	0.17087	0.20034
0.96697	0.92036	0.89254	0.67453	0.58697	0.66168	0.58891	0.5322
-0.71618	-0.69435	0.52772	0.70495	0.53913	0.54955	0.53936	0.57814
0.93487	0.93846	0.71057	0.76049	0.62621	0.59303	0.59831	0.5645
0.92793	0.94211	0.60837	0.55709	0.6199	0.57998	0.51974	0.51115
0.89901	0.81233	0.67297	0.26212	0.27977	0.43547	0.44994	0.449
0.88647	0.96371	0.78878	0.63023	0.43756	0.4733	0.44083	0.43125
-0.22043	0.77835	0.27216	0.020104	0.57437	0.54394	0.4733	0.4662
0.88734	0.93879	0.93509	0.78529	0.76199	0.74392	0.68578	0.65117
0.85932	0.64321	0.52722	0.50495	0.54688	0.50849	0.53062	0.51025
-0.88942	-0.49136	0.0085471	0.40284	0.57723	0.57444	0.50071	0.43151
0.25502	0.69945	0.49147	0.29868	0.33642	0.29821	0.25393	0.30376
0.80665	0.57568	0.49193	0.44116	0.44928	0.53003	0.55313	0.46996
0.8231	0.73041	0.59052	0.53067	0.61372	0.47338	0.4654	0.48754
-0.7026	0.31735	0.69401	0.71047	0.58347	0.50563	0.51806	0.50156
0.98259	0.98019	0.96372	0.90904	0.75926	0.66734	0.60279	0.51585
0.73416	0.54798	0.38024	0.50536	0.50992	0.44372	0.45305	0.43733
0.17952	-0.95571	-0.71473	-0.47769	-0.11507	0.23218	0.2951	0.30186
0.97031	0.22888	0.26288	-0.045331	0.19985	0.44746	0.55378	0.48011
0.89983	0.81994	0.58316	0.5733	0.5327	0.58928	0.59974	0.55423
-0.84869	-0.42677	0.14479	0.16951	0.39748	0.5258	0.46647	0.47466
0.81174	0.35524	0.12366	0.26713	0.18666	0.17217	0.19867	0.27688
-0.7538	0.92567	0.89481	0.80401	0.80542	0.74114	0.65876	0.5587
0.63509	0.81522	0.88072	0.54106	0.41012	0.30711	0.28772	0.4159
0.34292	0.058976	0.54462	0.41206	0.45326	0.44753	0.48774	0.45345
0.89082	0.9008	0.87059	0.74879	0.73463	0.66301	0.62588	0.59741
0.70329	0.4496	0.42954	0.60147	0.59324	0.52816	0.5938	0.57017
0.86654	0.95901	0.88554	0.81239	0.70906	0.74523	0.68414	0.67223
0.79395	0.55797	0.69753	0.7415	0.6913	0.54388	0.56921	0.46515
-0.9871	0.63899	0.60528	0.41897	0.47391	0.46694	0.49344	0.46389
0.97934	0.91863	0.80333	0.5797	0.49206	0.5361	0.54406	0.51283
0.86996	0.97169	0.90439	0.72164	0.7251	0.74576	0.68162	0.65407
0.71071	0.60186	0.53999	0.7079	0.63246	0.61999	0.59098	0.54818
0.86762	0.69257	0.28586	0.34043	0.54602	0.64042	0.57997	0.55957
-0.87882	0.5464	0.50348	0.38521	0.63248	0.61437	0.62139	0.63045
0.95474	0.45272	0.26904	0.59913	0.65931	0.64149	0.65402	0.58243
0.95372	0.86309	0.78802	0.71553	0.64049	0.5848	0.59084	0.53123
0.74134	0.58066	0.21895	0.65185	0.6483	0.61404	0.48531	0.45614
0.94511	0.96041	0.93473	0.91268	0.82027	0.67418	0.64648	0.56453
0.95857	0.95764	0.88071	0.72597	0.75794	0.70767	0.65271	0.58345
0.69451	0.7198	0.68559	0.58416	0.62452	0.53747	0.46692	0.39976
0.43818	0.08287	0.54509	0.40946	0.33197	0.31928	0.40538	0.39931
-0.61188	0.89323	0.61087	0.57696	0.6103	0.51893	0.50156	0.44751
0.83433	0.75155	0.57394	0.44027	0.4016	0.40228	0.4587	0.43642
-0.68331	0.75808	0.39185	0.41747	0.55304	0.6644	0.64536	0.63511
0.82956	0.92808	0.48819	0.49581	0.45183	0.46378	0.45482	0.48553
-0.56037	0.58551	0.71028	0.61111	0.54433	0.43348	0.43914	0.45957
0.90124	0.89218	0.85986	0.70909	0.54804	0.47528	0.44421	0.45382
0.91011	0.70399	0.56472	0.53629	0.6278	0.69809	0.62984	0.53642
0.89748	0.6082	0.3536	0.49294	0.51367	0.5202	0.55367	0.52784
0.84563	0.53511	0.78143	0.73827	0.57388	0.56464	0.58546	0.53269
0.437	0.64277	0.503	0.41249	0.41564	0.50103	0.50903	0.48848
-0.83299	0.39058	0.78209	0.75401	0.56064	0.575	0.55736	0.54832
0.9385	0.86044	0.36056	0.31911	0.31873	0.37977	0.37908	0.36267
-0.94924	-0.44645	-0.025189	0.073151	0.12661	0.34568	0.39749	0.35833
0.22218	0.59721	0.81465	0.63161	0.61803	0.54247	0.51549	0.48841
0.058201	0.9628	0.88109	0.78575	0.5891	0.60653	0.63368	0.5944
-0.90725	-0.001651	0.019716	0.19842	0.36827	0.54642	0.56704	0.52961
-0.51735	0.035627	0.25771	0.24978	0.50914	0.49073	0.53091	0.49254
-0.87553	-0.69516	-0.42902	-0.35934	0.054946	0.30132	0.37849	0.40215
0.47465	0.07499	0.26734	0.50686	0.64987	0.6297	0.63121	0.63557
0.96309	0.92225	0.78458	0.51522	0.44199	0.50614	0.48603	0.43748
0.76762	0.82082	0.64266	0.69373	0.63694	0.56151	0.52867	0.52926
0.9251	0.68618	0.53528	0.50525	0.50528	0.48812	0.49182	0.49776
0.93212	0.4908	0.49576	0.53551	0.55357	0.60372	0.62755	0.61645
-0.87605	0.53646	0.58759	0.56294	0.4898	0.52693	0.51204	0.51153
0.90173	0.46562	0.65593	0.82387	0.60986	0.48738	0.49017	0.50247
-0.60261	0.18472	-0.20252	-0.018431	0.32814	0.38455	0.47754	0.41542
0.89164	0.96778	0.9154	0.81872	0.77923	0.74696	0.69411	0.65993
0.85782	0.95303	0.89053	0.71728	0.7372	0.74737	0.68523	0.65187
0.46215	0.64341	0.66304	0.62274	0.59441	0.52328	0.49066	0.49083
-0.26689	0.88244	0.96556	0.91982	0.7796	0.70909	0.65833	0.58946
-0.33388	0.45054	0.5382	0.69513	0.47403	0.50312	0.46624	0.46905
0.63983	0.95504	0.89503	0.779	0.77172	0.77253	0.73732	0.67677
0.18484	0.31941	-0.24447	-0.13741	-0.14288	-0.057679	0.1073	0.1862
0.89333	0.87246	0.78543	0.88177	0.74435	0.70294	0.66188	0.60669
0.93454	0.94662	0.93207	0.80932	0.58187	0.59322	0.46778	0.44414
0.88874	0.97155	0.93723	0.66644	0.56069	0.50092	0.45762	0.46695
0.94617	0.9773	0.89736	0.84021	0.73777	0.53773	0.49698	0.46285
0.95866	0.91593	0.74912	0.62275	0.58183	0.54265	0.56282	0.54645
0.96372	0.93794	0.90139	0.8044	0.51515	0.46097	0.48811	0.45479
0.874	0.90171	0.83281	0.56614	0.64156	0.63823	0.5757	0.55118
-0.35014	0.45332	0.10891	0.24108	0.36634	0.42921	0.50156	0.48405
0.86457	0.41184	0.31225	0.58339	0.66447	0.60705	0.55618	0.50729
0.8089	0.80563	0.79569	0.69533	0.52439	0.48098	0.39356	0.31857
-0.84822	0.019789	0.4232	0.36735	0.45539	0.50247	0.56841	0.54966
-0.25203	0.23552	0.25607	0.13085	0.53454	0.54915	0.51523	0.47868
0.93331	0.82039	0.71388	0.51604	0.54689	0.48798	0.50535	0.47689
0.60337	0.50157	0.38513	0.60813	0.5814	0.49033	0.49307	0.46767
0.67968	0.27102	0.66837	0.67555	0.6623	0.69478	0.60964	0.53238
0.83324	0.61409	0.50886	0.18559	0.25038	0.27888	0.2385	0.24885
0.8296	0.6957	0.62956	0.43315	0.42651	0.44268	0.45641	0.40138
0.91325	0.89143	0.75306	0.79385	0.72423	0.67056	0.6302	0.61412
0.85519	0.8644	0.76414	0.56282	0.59677	0.59392	0.56825	0.57844
0.83177	0.95366	0.90238	0.81587	0.78653	0.75395	0.70448	0.66305
0.8333	0.87831	0.77777	0.75866	0.68793	0.63824	0.59954	0.53663
0.6591	0.4695	0.22199	0.24111	0.34931	0.51361	0.54823	0.50964
-0.89573	0.51381	0.73221	0.58007	0.70576	0.68799	0.54462	0.47193
0.75364	0.72397	0.17401	0.38005	0.45023	0.43506	0.45829	0.43293
0.91995	0.86013	0.65899	0.53896	0.48753	0.4655	0.5071	0.48031
0.97276	0.8926	0.61117	0.28638	0.36511	0.40745	0.34083	0.39717
0.52145	0.8407	0.78292	0.64921	0.18563	0.29572	0.34122	0.38657
0.86071	0.47733	0.41399	0.60145	0.56787	0.58475	0.57147	0.52991
0.95767	0.92204	0.74059	0.65106	0.67436	0.65232	0.62736	0.59568
0.95178	0.84129	0.80083	0.72336	0.81119	0.78126	0.72945	0.65159
0.3487	0.295	0.70559	0.61117	0.59222	0.49234	0.51849	0.46976
0.45055	0.5914	0.6509	0.72368	0.61586	0.39414	0.318	0.2783
0.057384	0.91333	0.6198	0.49959	0.44598	0.48968	0.4965	0.51722
0.67385	0.57724	0.83195	0.76607	0.67158	0.41982	0.37931	0.39858
0.94213	0.95839	0.73883	0.65818	0.7077	0.62676	0.4948	0.46408
0.90764	0.96485	0.85149	0.76592	0.65431	0.62773	0.61667	0.60513
0.37005	0.50169	0.11621	0.36974	0.31669	0.44725	0.45911	0.46983
0.85939	0.59466	0.70934	0.68293	0.7058	0.68737	0.58274	0.54556
0.92355	0.83171	0.36741	0.28884	0.37322	0.37789	0.34089	0.33112
0.78511	0.45242	0.49452	0.45497	0.50282	0.53462	0.48184	0.45348
0.97621	0.99173	0.95534	0.43034	0.3916	0.37112	0.41417	0.43794
0.88889	0.39617	0.32134	0.22885	0.20564	0.35288	0.36409	0.44549
0.81147	0.27914	0.31321	0.29306	0.45433	0.47985	0.46169	0.44601
0.7815	0.84344	0.78132	0.78776	0.74064	0.53194	0.59275	0.56345
0.91191	0.4939	0.1989	0.34643	0.49845	0.52342	0.49254	0.47527
0.97408	0.96024	0.87428	0.86077	0.73101	0.66435	0.61395	0.54961
0.96258	0.91471	0.68785	0.67353	0.66073	0.63676	0.59902	0.568
0.16078	0.49501	0.47322	0.34032	0.36259	0.27073	0.25823	0.2544
-0.33036	-0.1558	0.43915	0.53501	0.5303	0.49307	0.47922	0.47399
-0.92651	-0.39544	0.21751	0.42534	0.38667	0.54798	0.52204	0.46633
-0.86228	0.94781	0.55997	0.45491	0.57796	0.67024	0.61051	0.53663
-0.94462	0.78603	0.78756	0.7176	0.63481	0.48327	0.47946	0.41077
0.74239	0.87933	0.88419	0.86696	0.73892	0.66764	0.62051	0.53121
0.97998	0.95062	0.85193	0.75101	0.61185	0.58807	0.59125	0.56711
0.94364	0.84368	0.87114	0.87863	0.60181	0.4889	0.44318	0.4193
-0.72811	0.36464	0.63452	0.65842	0.5958	0.53951	0.51537	0.47906
0.93591	0.88575	0.80997	0.70357	0.54161	0.50386	0.51462	0.47343
0.91233	0.64164	0.45514	0.57281	0.40667	0.44273	0.49219	0.45811
-0.90322	0.0021485	0.13672	0.57202	0.62018	0.59566	0.64313	0.59445
0.8656	0.8001	0.77457	0.78299	0.70215	0.61025	0.63979	0.58978
0.80259	0.92703	0.84821	0.8021	0.73837	0.77058	0.69983	0.6808
0.93776	0.95933	0.83632	0.49088	0.50344	0.4988	0.44424	0.44783
-0.885	-0.5356	0.46328	0.26137	0.29925	0.35896	0.46666	0.4272
0.42914	0.569	0.48489	0.70814	0.63791	0.55592	0.51913	0.46501
0.28167	0.75072	0.5607	0.41994	0.43415	0.46066	0.425	0.43059
-0.8695	-0.67703	0.40446	0.51331	0.55055	0.55033	0.50435	0.49838
0.91653	0.81693	0.72436	0.57421	0.5255	0.42821	0.42001	0.41722
0.7665	0.46279	0.45012	0.43673	0.38619	0.39118	0.38024	0.38325
0.85484	0.80053	0.92021	0.79437	0.72322	0.6062	0.58299	0.50789
-0.96478	-0.023254	0.49469	0.50858	0.63775	0.58524	0.54584	0.53322
0.97194	0.9499	0.58841	0.59397	0.53058	0.50378	0.51651	0.51484
0.96695	0.9888	0.84147	0.71787	0.67759	0.47677	0.46714	0.42806
0.7469	0.86974	0.60111	0.55991	0.64453	0.62122	0.61102	0.57597
0.90481	0.33611	-0.48475	-0.4674	0.10671	0.36171	0.40119	0.38522
0.88404	0.34596	0.3109	0.23928	0.35377	0.36274	0.41493	0.43852
-0.41523	0.72206	0.61577	0.68137	0.51433	0.44493	0.42427	0.40105
0.8206	0.92721	0.13798	0.48473	0.4566	0.52889	0.43686	0.41879
-0.98335	-0.61105	-0.12775	0.23534	0.5334	0.50279	0.45842	0.43907
0.92652	0.97353	0.95007	0.58979	0.51137	0.46632	0.54224	0.51495
0.75583	-0.33204	0.35335	0.27334	0.4043	0.52122	0.49127	0.46455
0.33598	0.32111	0.16114	0.27873	0.40349	0.42518	0.49683	0.50973
0.83403	0.9217	0.73478	0.7774	0.76082	0.47919	0.38813	0.37182
0.87902	0.75909	0.63808	0.61773	0.57708	0.55758	0.50218	0.46299
0.94234	0.79646	0.3695	0.26399	0.45305	0.53759	0.62475	0.56113
0.039352	0.59318	0.57617	0.54532	0.14379	0.13889	0.18293	0.24777
-0.71262	0.7849	0.37577	0.31187	0.47326	0.46523	0.51037	0.47024
0.97844	0.78859	0.63795	0.49865	0.58611	0.6257	0.50347	0.52058
0.94236	0.87404	0.80694	0.6783	0.40913	0.34369	0.44528	0.44104
-0.92123	-0.90701	-0.70494	-0.69805	-0.091721	0.2439	0.40333	0.41725
0.88281	0.89693	0.73459	0.73484	0.62267	0.66459	0.64949	0.57971
0.98341	0.91341	0.50151	0.34844	0.364	0.46613	0.53326	0.51523
0.9248	0.76693	0.65652	0.61492	0.66971	0.48255	0.47271	0.45636
-0.95723	-0.79592	-0.3617	0.3845	0.50532	0.58723	0.57019	0.54256
0.71404	0.55163	0.59013	0.77497	0.7338	0.56583	0.5042	0.46885
0.62615	0.89835	0.77926	0.73548	0.51816	0.41517	0.38701	0.37702
0.69146	0.41042	0.62946	0.47033	0.4753	0.39115	0.39012	0.42722
0.94433	0.91178	0.86536	0.81245	0.73284	0.68415	0.65278	0.61571
0.95414	0.86514	0.66221	0.46611	0.46924	0.52902	0.55196	0.47444
0.75438	0.68699	0.71875	0.89345	0.76833	0.59802	0.59034	0.55795
0.81159	0.76307	0.90775	0.71379	0.62972	0.52363	0.50593	0.47615
0.32923	0.79386	0.79539	0.76373	0.7797	0.78225	0.67418	0.6532
-0.84868	0.071424	0.61089	0.51799	0.57697	0.5897	0.57446	0.50296
0.91225	0.90405	0.822	0.67816	0.60069	0.62486	0.55982	0.50736
0.78305	0.5768	0.5827	0.21428	0.20224	0.27192	0.28065	0.3066
0.89764	0.91734	0.91198	0.84865	0.72166	0.56885	0.55939	0.52924
0.96474	0.90707	0.71696	0.79138	0.68353	0.68744	0.56741	0.55152
0.92005	0.95732	0.81941	0.70191	0.54801	0.49229	0.44183	0.41462
0.40458	-0.037741	0.3275	0.34578	0.29109	0.25198	0.3522	0.30902
0.5969	-0.51112	-0.68495	-0.38083	0.10938	0.38188	0.43347	0.4454
-0.53189	0.001864	0.70166	0.80281	0.89358	0.71913	0.6111	0.60039
0.36023	0.47434	0.49885	0.48751	0.54704	0.44117	0.33408	0.32593
0.84233	0.599	0.66592	0.55275	0.49175	0.49038	0.36051	0.27895
0.92056	0.71886	0.70883	0.75065	0.63	0.52464	0.43047	0.36264
0.85462	0.84942	0.73298	0.67917	0.58458	0.49984	0.45574	0.43143
0.98122	0.85415	0.67705	0.72048	0.6732	0.62615	0.56061	0.545
0.8966	0.89468	0.73475	0.61525	0.52761	0.50591	0.52069	0.49501
0.74241	0.80328	0.47632	0.61433	0.54799	0.54027	0.54131	0.53471
0.96031	0.97244	0.87269	0.53075	0.68682	0.68205	0.662	0.60711
0.95396	0.83321	0.79064	0.82591	0.57431	0.60384	0.57375	0.54629
0.91511	0.81659	0.8777	0.81839	0.69165	0.64666	0.56954	0.56695
-0.050353	0.029721	-0.18496	0.22835	0.1639	0.25635	0.30924	0.31662
0.93005	0.9038	0.79182	0.70649	0.74151	0.62595	0.6143	0.58522
0.43137	0.59893	0.61173	0.66804	0.65293	0.62517	0.53049	0.49446
-0.98192	-0.40671	0.098623	0.11674	0.31074	0.35808	0.43064	0.38928
0.73901	0.45708	0.30081	0.01093	0.30194	0.39612	0.40009	0.42609
0.96958	0.96381	0.94115	0.93441	0.82437	0.77785	0.731	0.63466
0.92069	0.91193	0.95627	0.85048	0.82058	0.80444	0.79095	0.72689
-0.12623	0.16974	0.67996	0.67471	0.49543	0.4081	0.45453	0.37978
0.76328	0.92567	0.78943	0.80981	0.6153	0.3408	0.41912	0.39585
0.36555	0.36864	0.38305	0.48304	0.40088	0.39717	0.44328	0.46388
0.94346	0.91941	0.93713	0.8231	0.72449	0.56159	0.55338	0.53155
0.79836	0.52059	0.74353	0.69766	0.4823	0.4737	0.42176	0.40731
0.86139	0.71986	0.68986	0.77013	0.51705	0.59341	0.54176	0.54548
0.51889	0.32332	0.64788	0.57554	0.52902	0.49269	0.46774	0.51448
0.20558	0.019339	-0.018114	0.30821	0.2871	0.47352	0.45608	0.42158
0.80149	0.81745	0.70096	0.49325	0.40951	0.43191	0.47416	0.45583
0.81546	0.72077	0.46352	0.50244	0.43165	0.34913	0.40299	0.35758
-0.3364	0.58163	0.36233	0.39743	0.43404	0.38682	0.37485	0.3822
0.73591	0.62871	0.40965	0.30242	0.40692	0.47842	0.43142	0.43537
-0.21775	0.63168	0.64251	0.66384	0.4885	0.53511	0.44672	0.44063
0.85028	0.91932	0.93017	0.87528	0.75585	0.7172	0.69805	0.55077
0.46942	0.64459	0.56029	0.63021	0.49367	0.5028	0.48769	0.4386
0.95985	0.7567	0.39757	0.68401	0.65722	0.65768	0.64882	0.6356
0.62233	0.8771	0.62653	0.58973	0.5914	0.52728	0.4969	0.453
-0.79853	-0.085174	0.57726	0.52885	0.58485	0.48067	0.454	0.39957
0.90586	0.92419	0.77149	0.71215	0.4868	0.49484	0.46771	0.46798
0.71091	0.56832	0.59109	0.43089	0.53787	0.5219	0.51142	0.49307
0.90931	0.97466	0.87725	0.77242	0.7774	0.72045	0.68286	0.64841
0.85204	0.89269	0.68667	0.55464	0.61811	0.6718	0.63044	0.58231
0.82005	0.86447	0.56527	0.66687	0.59615	0.61972	0.54971	0.50201
0.067849	0.18867	0.44562	0.62164	0.58399	0.58846	0.53335	0.48953
-0.97835	-0.10425	-0.04362	0.21487	0.19337	0.35674	0.40766	0.3654
0.8292	0.74501	0.35402	0.55167	0.50026	0.43146	0.42873	0.36259
-0.054892	-0.015236	0.40339	0.41023	0.57792	0.52341	0.50615	0.46646
0.7781	0.90435	0.46698	0.44437	0.37683	0.38975	0.38439	0.38793
-0.91412	-0.74771	0.14746	0.40614	0.46369	0.44529	0.50323	0.49678
0.84843	0.67363	0.27703	0.14404	0.2686	0.23662	0.25699	0.31431
0.49289	0.74606	0.82128	0.84907	0.7825	0.66152	0.58146	0.49118
0.87009	0.58214	0.59411	0.54149	0.57211	0.52344	0.48476	0.40581
0.62561	0.40876	0.31262	0.1942	0.31633	0.41073	0.42166	0.37456
0.15695	-0.097555	-0.075616	-0.05922	0.1666	0.23762	0.28253	0.30082
-0.070608	0.73999	0.62829	0.67116	0.66945	0.51662	0.51048	0.44825
-0.27451	-0.11901	0.61376	0.56311	0.5385	0.48598	0.46502	0.45677
-0.076509	0.046313	0.016523	0.46051	0.64079	0.62863	0.51112	0.42089
-0.64402	0.75267	0.41362	0.47771	0.49318	0.39579	0.44776	0.44325
0.88099	0.85055	0.87472	0.77979	0.7024	0.63693	0.59127	0.54396
0.94394	0.708	0.23633	0.59713	0.63305	0.53218	0.57782	0.57883
0.89678	-0.53477	-0.60031	-0.37942	0.0025826	0.085187	0.18624	0.22796
0.90751	0.96074	0.92877	0.56707	0.58283	0.47785	0.47943	0.37339
-0.81462	-0.67504	-0.25228	0.0638	0.18108	0.30276	0.39285	0.37376
-0.38561	0.7029	0.77927	0.46189	0.39476	0.40693	0.37329	0.37604
0.74297	0.7792	0.5925	0.49311	0.31176	0.31178	0.38908	0.4369
0.69532	0.93622	0.81671	0.75783	0.61553	0.58014	0.54125	0.49036
0.63387	0.39055	0.53372	0.43936	0.32996	0.28574	0.33225	0.33837
0.57212	0.71504	0.72802	0.71894	0.61372	0.53191	0.55006	0.56388
0.92471	0.90194	0.57809	0.3419	0.24932	0.37333	0.43081	0.43742
0.79715	0.95494	0.92549	0.81019	0.78481	0.72112	0.68841	0.6434
0.80067	0.71035	0.58136	0.56881	0.45724	0.38712	0.45541	0.46129
-0.94367	-0.88213	-0.22742	0.29273	0.32636	0.40852	0.45304	0.42953
0.97742	0.96456	0.94483	0.88898	0.75188	0.64905	0.56906	0.51069
0.97461	0.94759	0.90867	0.80471	0.73822	0.66463	0.60098	0.54161
0.69029	0.4336	0.49492	0.52584	0.67795	0.64934	0.59386	0.56828
0.79471	0.75628	0.84143	0.72781	0.6094	0.51214	0.52899	0.47575
0.11702	0.53838	0.49912	0.48067	0.57538	0.52397	0.5242	0.4923
0.73084	0.73616	0.50768	0.33502	0.31673	0.38031	0.38275	0.37135
0.39252	0.56625	0.68349	0.57211	0.3523	0.41778	0.47515	0.44216
0.62322	0.89285	0.85779	0.7586	0.78949	0.63109	0.56859	0.53567
-0.3697	-0.024797	0.21855	0.50693	0.56658	0.54937	0.55078	0.50979
0.81673	0.65903	0.4259	0.51153	0.44457	0.43072	0.44029	0.3963
0.62747	0.75151	0.79911	0.71306	0.68809	0.68892	0.65673	0.61721
0.97896	0.89938	0.83026	0.62601	0.26127	0.43908	0.4654	0.45799
0.96188	0.84751	0.91271	0.78374	0.79704	0.55001	0.50299	0.4369
-0.82235	0.44317	0.49288	0.62535	0.6173	0.57872	0.51351	0.47144
0.76386	0.80313	0.2865	0.40923	0.50212	0.55409	0.50722	0.5017
0.82814	0.89681	0.74745	0.45207	0.44875	0.34232	0.39821	0.40651
0.8775	0.60196	-0.039738	-0.22065	0.082444	0.34951	0.40288	0.42206
0.52628	0.59129	0.57755	0.63238	0.69139	0.61395	0.52887	0.5335
0.93956	0.88027	0.26094	0.31434	0.38779	0.49964	0.529	0.47488
0.69128	0.76673	0.80384	0.65689	0.6739	0.63386	0.61973	0.56475
0.87622	0.95426	0.89675	0.82161	0.82919	0.77788	0.76893	0.70687
0.37239	0.72764	0.76185	0.76399	0.72687	0.59215	0.52963	0.48856
0.90036	0.91697	0.8918	0.83914	0.69424	0.50013	0.38763	0.39965
-0.090107	0.48677	0.43425	0.47533	0.45332	0.44423	0.42635	0.37079
0.91	0.97281	0.84416	0.81344	0.72951	0.70102	0.65596	0.55544
0.94199	0.18105	0.60335	0.51401	0.46391	0.3756	0.3571	0.38667
0.85834	0.72525	0.82953	0.82357	0.65852	0.60653	0.62528	0.61067
-0.55374	-0.60624	0.0552	-0.054794	0.38288	0.39077	0.38127	0.38074
-0.94691	-0.49909	-0.053371	0.30865	0.35799	0.41369	0.43569	0.44232
-0.7618	0.22471	0.72272	0.61339	0.6181	0.65545	0.65525	0.54141
-0.89026	-0.79106	-0.52149	-0.021101	0.31597	0.45808	0.41132	0.44711
0.84383	0.92692	0.79649	0.78693	0.59783	0.46188	0.36145	0.3678
0.89317	0.82611	0.67159	0.48146	0.41722	0.4652	0.46196	0.44884
0.94904	0.96685	0.82678	0.78087	0.64356	0.54625	0.49847	0.44909
0.81584	0.22092	-0.046719	0.21267	0.43526	0.38598	0.43014	0.39289
0.90793	0.95368	0.74137	0.6496	0.62227	0.65577	0.57273	0.49576
0.93217	0.59041	0.41435	0.46694	0.42167	0.40413	0.44834	0.47909
0.96279	0.93306	0.9099	0.82172	0.75306	0.65787	0.5394	0.49244
0.89261	0.34708	0.074747	0.50855	0.53708	0.51297	0.55748	0.48731
0.2266	0.020795	0.62925	0.69068	0.63953	0.61035	0.60583	0.59048
0.97666	0.94871	0.94588	0.74006	0.61867	0.58824	0.57999	0.53676
0.9811	0.77763	0.84045	0.84865	0.66215	0.6243	0.54302	0.49953
0.68663	0.75626	0.77125	0.81632	0.71584	0.60934	0.56382	0.47766
0.69943	0.80571	0.36977	0.23265	0.36978	0.38093	0.42769	0.38599
0.89001	0.86249	0.81199	0.71867	0.58684	0.58293	0.53878	0.49871
-0.97053	0.49009	0.73541	0.78251	0.81675	0.75949	0.66347	0.60136
-0.92201	-0.51608	-0.4983	-0.14425	0.098437	0.17753	0.26638	0.32476
0.81856	0.63682	0.56499	0.48954	0.44431	0.47544	0.47569	0.4498
0.96331	0.90531	0.95883	0.87744	0.67656	0.66398	0.60885	0.59812
0.82106	0.4825	0.53801	0.62525	0.63494	0.57177	0.5404	0.49126
-0.16806	0.8591	0.96142	0.85624	0.74717	0.70984	0.62555	0.62484
0.96506	0.93668	0.91902	0.84237	0.7402	0.59858	0.55826	0.46887
0.90561	0.94028	0.69627	0.18317	0.25748	0.27102	0.31338	0.33061
-0.63284	0.47085	0.49516	0.84453	0.65426	0.56556	0.59226	0.51472
0.54526	0.16657	0.29103	0.57023	0.57408	0.56635	0.5475	0.53004
0.89364	0.14609	0.086409	0.27854	0.35035	0.3489	0.39892	0.36777
0.31185	0.60023	0.66856	0.53139	0.50551	0.44908	0.43496	0.41704
0.55438	0.81049	0.30339	0.26441	0.4448	0.57486	0.642	0.5886
-0.81598	-0.50824	-0.21375	-0.07327	-0.0017261	0.18979	0.30932	0.34896
0.95993	0.53316	0.75994	0.45317	0.6008	0.57423	0.526	0.44385
0.88395	0.858	0.78361	0.74086	0.69616	0.59973	0.67467	0.6505
0.97578	0.9747	0.93692	0.85905	0.79181	0.71714	0.64784	0.62247
0.85719	0.74173	0.51393	0.38553	0.49573	0.62553	0.62052	0.58756
0.96447	0.94683	0.94038	0.91899	0.862	0.72652	0.6735	0.57372
0.83506	0.17271	0.40269	0.26028	0.27067	0.29858	0.34729	0.41916
-0.84192	-0.90738	-0.47909	-0.22959	0.27718	0.45764	0.52224	0.49214
0.92069	0.59999	0.63309	0.61577	0.40411	0.43003	0.40691	0.36021
-0.87742	-0.53324	0.3123	0.41631	0.49856	0.54903	0.51853	0.47164
0.98885	0.93838	0.86322	0.8358	0.65799	0.57106	0.56394	0.50865
-0.91621	-0.94964	-0.26572	0.17062	0.30109	0.36388	0.36629	0.37136
0.89164	0.96778	0.9154	0.81872	0.77923	0.74696	0.69411	0.65993
0.59995	0.2575	-0.0143	0.23246	0.32092	0.42928	0.46288	0.43489
0.89591	0.82798	0.78164	0.86342	0.78171	0.67343	0.61932	0.56484
0.8619	0.94633	0.86952	0.83038	0.61367	0.52403	0.55731	0.52806
-0.76174	0.47326	0.61238	0.70912	0.44039	0.4397	0.4647	0.39412
-0.70443	-0.29722	0.46542	0.56594	0.66848	0.65331	0.6024	0.59039
0.82764	0.6538	0.72772	0.44713	0.4581	0.37704	0.42734	0.35262
0.4808	0.6425	0.78185	0.74587	0.65839	0.5648	0.52354	0.48592
0.98366	0.85754	0.88127	0.56781	0.46247	0.4387	0.44675	0.4015
0.87632	0.62253	0.56102	0.62127	0.55696	0.60142	0.61439	0.59621
0.69593	0.7527	0.19442	0.36986	0.2287	0.46559	0.51802	0.42854
0.40615	0.49277	0.54535	0.64248	0.59764	0.59571	0.59448	0.52877
0.97736	0.80157	0.86778	0.39139	0.38282	0.48224	0.49962	0.51173
0.95382	0.91948	0.86448	0.85846	0.83673	0.81185	0.72805	0.64511
0.53342	0.88208	0.85405	0.81481	0.74205	0.6283	0.47737	0.45157
0.84978	0.50874	0.42489	0.64762	0.44675	0.4744	0.47909	0.37465
0.90852	0.85896	0.80643	0.76802	0.75914	0.60987	0.50372	0.45312
-0.1409	0.59794	0.57585	0.57375	0.46142	0.40344	0.3635	0.30067
0.94306	0.97314	0.9812	0.83354	0.75517	0.67139	0.6223	0.52896
0.51934	0.79805	0.63797	0.61326	0.59967	0.44432	0.38536	0.38204
0.9075	0.92025	0.89638	0.73914	0.68347	0.72429	0.63919	0.5904
0.84578	0.90703	0.79096	0.6942	0.73969	0.71679	0.69068	0.63054
-0.72836	0.13017	0.32893	0.46482	0.46051	0.48254	0.51562	0.49988
0.33878	0.86637	0.71989	0.51895	0.50713	0.53191	0.43597	0.43282
0.96622	0.86426	0.80361	0.81491	0.8665	0.73819	0.68974	0.63831
0.81536	0.72456	0.74348	0.60979	0.3756	0.31933	0.38104	0.30988
0.76669	0.58605	0.83256	0.79293	0.71826	0.54725	0.52401	0.46024
0.84731	0.73493	0.46255	0.40177	0.30414	0.4438	0.51179	0.5423
0.95321	0.71088	0.73241	0.56786	0.47904	0.52289	0.53029	0.48367
0.8864	0.96505	0.90893	0.75473	0.76677	0.71272	0.68739	0.67157
0.92914	0.96726	0.942	0.89992	0.83492	0.77955	0.69426	0.6166
0.83588	0.89406	0.4711	0.19737	0.1879	0.21941	0.28952	0.29114
0.71329	0.45241	0.52916	0.66015	0.55939	0.49424	0.4655	0.39362
0.89119	0.93481	0.90914	0.78416	0.74166	0.73396	0.66269	0.66257
0.83932	0.94851	0.91568	0.76193	0.73857	0.74758	0.69273	0.65458
0.74947	0.40531	0.82675	0.4313	0.43207	0.35395	0.50907	0.52186
-0.83811	-0.28011	0.3386	0.50861	0.63233	0.65561	0.58321	0.4979
0.52479	0.60274	0.75501	0.65148	0.66727	0.5924	0.54804	0.49089
0.9247	0.94349	0.78891	0.66651	0.66429	0.53878	0.54047	0.48052
0.94602	0.95222	0.70132	0.53732	0.47643	0.49671	0.45723	0.43912
0.95226	0.92773	0.9131	0.6881	0.6945	0.67182	0.54121	0.52416
0.94707	0.91811	0.77574	0.56805	0.56034	0.52768	0.4994	0.44964
