-0.94449	-0.77411	0.6092	0.79458	0.51579	0.44004	0.49112	0.45217
0.52452	0.51489	0.8772	0.65905	0.48603	0.35935	0.41894	0.43614
-0.14319	0.46667	0.56336	0.71733	0.56631	0.6375	0.60935	0.54199
0.49498	0.8538	0.93786	0.83107	0.81269	0.76731	0.7535	0.7023
0.35081	0.086657	-0.26546	0.27911	0.48558	0.50899	0.55204	0.55744
0.89974	0.86466	0.68628	0.46593	0.51185	0.50224	0.53951	0.56043
-0.90463	-0.93311	-0.85093	-0.35913	-0.01326	0.1718	0.24042	0.22778
-0.54236	0.55873	0.81899	0.64709	0.60482	0.50569	0.51313	0.46527
0.78441	-0.076897	-0.35738	0.20461	0.52981	0.54016	0.51175	0.46998
-0.56633	-0.85679	0.079729	0.37359	0.5343	0.46491	0.25219	0.41355
0.45249	-0.36268	0.27515	0.58198	0.54797	0.60094	0.58887	0.48454
-0.58497	0.93966	0.87621	0.86617	0.72966	0.71134	0.65309	0.62237
0.50802	0.63043	0.84681	0.75294	0.62566	0.65126	0.71773	0.70407
0.92577	0.92466	0.23249	-0.06257	0.16242	0.36995	0.28854	0.28156
0.81559	0.93851	0.5699	0.18344	0.043506	0.21511	0.29866	0.36218
0.84037	0.54783	0.67483	0.74195	0.677	0.62444	0.49843	0.48984
-0.5307	0.09105	0.10232	0.0042207	0.28793	0.46658	0.41464	0.48598
-0.79589	-0.81517	-0.71381	-0.019561	0.56042	0.58432	0.57441	0.53975
-0.05396	0.11468	0.75628	0.74901	0.62612	0.53243	0.5376	0.52713
-0.16126	0.5766	0.87497	0.67865	0.12326	0.42054	0.42451	0.41706
0.47941	-0.041224	0.6796	0.91309	0.65729	0.73217	0.65357	0.63565
0.77629	0.84756	0.36385	0.61327	0.82655	0.7719	0.74968	0.70308
-0.85176	-0.83837	0.040485	0.025462	0.13817	0.19326	0.18711	0.27371
-0.013699	0.81785	0.79822	0.76924	0.76559	0.73127	0.74428	0.66842
0.67191	0.9177	0.91965	0.75895	0.7867	0.71264	0.65874	0.62114
-0.18351	0.8355	0.50169	0.5908	0.66845	0.71099	0.6836	0.66422
-0.9205	-0.56707	0.63764	0.26865	0.46214	0.3669	0.41084	0.40793
0.92832	0.97967	0.97469	0.8186	0.73993	0.83156	0.7239	0.64012
-0.82361	-0.56221	-0.81053	-0.58946	-0.10865	0.16733	0.21622	0.22892
-0.56617	0.27172	0.62162	0.76177	0.44006	0.64192	0.62483	0.48465
0.84431	0.47726	0.30193	-0.021924	0.05683	0.16496	0.21501	0.33408
-0.45187	0.63206	0.90401	0.60952	0.69205	0.55347	0.3635	0.41193
0.84584	0.39007	-0.36428	-0.51009	-0.30498	-0.072585	0.073859	0.14255
0.69866	0.58848	0.69085	0.82705	0.49701	0.51155	0.36181	0.41455
0.72311	0.74733	0.94923	0.90081	0.62505	0.50457	0.61667	0.60147
0.93283	0.8858	0.6975	0.2978	0.58733	0.73912	0.68386	0.60774
0.8898	0.93023	0.87398	0.80054	0.6844	0.56892	0.57435	0.56715
0.4569	0.77826	0.94238	0.86095	0.69281	0.4807	0.48719	0.48019
-0.33428	0.80314	0.81569	0.71198	0.60048	0.50005	0.53565	0.50968
-0.18854	-0.43642	-0.25641	-0.072517	0.20803	0.39971	0.52444	0.45809
-0.076773	0.57201	0.38204	0.08623	0.75192	0.71302	0.67242	0.67885
0.60021	-0.29315	-0.42297	0.16569	0.43125	0.32421	0.41986	0.39112
-0.56606	-0.60496	0.049819	0.41122	0.6511	0.61789	0.54999	0.53026
-0.46289	0.71034	0.62017	0.71609	0.42052	0.37785	0.45963	0.41228
0.28764	0.95568	0.74312	0.40108	0.40896	0.51098	0.40716	0.35731
0.077417	0.77513	0.79628	0.57869	0.14491	0.40555	0.39128	0.39691
-0.054893	0.82399	0.78582	0.78068	0.86019	0.63874	0.60977	0.63466
0.46649	0.89944	0.91322	0.89723	0.67565	0.52811	0.54938	0.52554
-0.90353	-0.70251	0.013131	0.26925	0.52313	0.44957	0.45838	0.53921
-0.13672	0.93674	0.68499	0.6482	0.23368	0.24395	0.31273	0.34344
0.89463	0.93432	0.98075	0.93868	0.87792	0.7959	0.7053	0.61564
0.35166	-0.39181	0.02003	0.5177	0.59724	0.66022	0.6827	0.68938
-0.61444	-0.53814	-0.72069	-0.30305	0.14047	0.24811	0.29963	0.29076
-0.69132	0.51032	0.17926	0.19874	0.46193	0.31206	0.21953	0.28643
-0.73168	-0.19206	0.27021	0.18115	0.31161	0.25761	0.4074	0.43577
0.83709	0.84174	0.63884	0.23595	0.54415	0.5281	0.49441	0.52076
-0.57943	0.53663	0.65235	0.51338	0.27674	0.17976	0.39466	0.39902
-0.46051	-0.33417	0.21804	0.24172	0.26473	0.3188	0.43366	0.44831
0.44103	0.71082	0.44324	0.39082	0.26562	0.39844	0.30075	0.32918
0.52033	0.95	0.98203	0.94644	0.8458	0.70744	0.61152	0.60625
0.59777	0.45528	0.90911	-0.0079488	-0.26253	-0.25579	-0.10073	0.01041
-0.83128	0.18026	0.26015	0.86923	0.91449	0.80134	0.6719	0.58572
-0.84064	0.82942	0.36639	0.050346	0.58861	0.48535	0.51261	0.55662
-0.12793	-0.61047	-0.39821	0.084596	0.41868	0.38092	0.41452	0.41866
-0.8504	-0.68334	0.06728	-0.2171	0.10002	0.34018	0.42334	0.45297
0.69561	0.85961	0.77203	0.69548	0.69107	0.60364	0.70025	0.65069
0.042468	0.44492	0.63996	0.32118	0.49505	0.52735	0.49878	0.45922
-0.7908	-0.57733	0.0010715	0.27225	0.58112	0.54526	0.61058	0.55724
0.79314	0.71195	-0.76917	-0.35267	0.27476	0.3163	0.31119	0.39157
-0.60836	-0.68141	-0.19384	0.37319	0.36185	0.48299	0.51939	0.47467
-0.174	-0.63501	0.45035	0.27206	0.66445	0.67276	0.62092	0.57963
0.27976	-0.20708	-0.65078	0.0067787	-0.091081	-0.080104	0.039862	0.21103
0.33653	0.24299	0.18382	0.6004	0.56121	0.41212	0.4574	0.48963
-0.3048	0.047383	-0.91224	-0.5496	0.020212	0.032507	0.14727	0.22817
0.67865	0.86296	0.6133	0.71013	0.4753	0.44554	0.39786	0.42979
-0.27956	0.42395	0.15149	0.34754	0.30814	0.40695	0.38141	0.43854
-0.76144	0.36242	0.4688	0.787	0.53384	0.53065	0.46147	0.43996
0.45909	-0.12552	-0.099894	0.46426	0.46706	0.5428	0.53292	0.52587
0.7221	0.88534	0.6257	-0.13338	0.17273	0.29657	0.51179	0.48051
0.0047643	0.76641	0.87961	0.83217	0.77895	0.57229	0.62282	0.62686
-0.2585	-0.79945	0.4843	0.46768	0.47293	0.55223	0.47018	0.51349
0.14448	0.84532	0.89243	0.75522	0.55466	0.49051	0.48209	0.42827
0.40955	0.75385	-0.49604	-0.36958	0.28783	0.404	0.46354	0.47211
0.91231	0.92417	0.8147	0.65336	0.62602	0.60964	0.61588	0.58136
0.83051	0.73659	0.74261	0.51592	0.54068	0.29588	0.26977	0.27468
0.0036138	0.43305	0.8743	0.89448	0.82449	0.69257	0.60747	0.5834
0.61718	-0.056056	0.53779	0.64247	0.61256	0.53846	0.51809	0.36147
0.56991	0.80776	0.93613	0.9322	0.7852	0.71064	0.73564	0.7638
0.032115	0.04733	-0.19268	-0.07272	0.31005	0.42555	0.43253	0.45897
-0.64033	-0.69965	-0.12942	-0.27822	-0.22313	0.15609	0.38797	0.42338
0.72908	0.85372	0.55449	0.63092	0.76937	0.74728	0.73607	0.64436
0.8339	0.81064	0.76004	0.76495	0.5044	0.38277	0.35865	0.33215
0.12228	0.47047	0.90652	0.90364	0.86383	0.71318	0.62567	0.57262
-0.64356	-0.21197	0.69289	0.6336	0.67973	0.64412	0.50769	0.47329
0.59548	-0.078907	0.8788	0.55131	0.51464	0.5048	0.53852	0.43332
0.77283	-0.075898	0.56182	0.52282	0.53607	0.43553	0.38534	0.43167
-0.65932	-0.0050976	-0.65784	0.11768	0.35493	0.64365	0.65019	0.5584
-0.78179	0.24154	-0.24636	0.9071	0.45205	0.38475	0.39626	0.37196
0.84535	0.83433	0.81137	0.8948	0.79205	0.63418	0.509	0.45401
0.91769	0.94491	0.67104	0.088867	0.0066774	0.038347	0.061853	0.12194
0.76402	0.81887	0.098953	0.24924	0.46666	0.50619	0.56693	0.53897
0.3282	0.87226	0.89697	0.79231	0.45901	0.47726	0.42456	0.48964
0.37328	0.85229	0.9091	0.88795	0.78981	0.69576	0.64163	0.52556
0.30749	0.88276	0.65085	0.58263	0.39472	0.42523	0.28332	0.33082
0.5694	0.62257	0.72808	0.63405	0.79135	0.81393	0.67396	0.4903
-0.7158	-0.79926	-0.70104	-0.2866	0.48164	0.5314	0.57939	0.62927
-0.59782	-0.75015	-0.55391	-0.088117	0.24558	0.45881	0.53851	0.49392
-0.86739	0.78496	0.11353	0.15126	0.25476	0.54798	0.53633	0.48693
-0.076455	0.23919	0.20891	-0.055793	0.18951	0.28317	0.37571	0.34532
0.48089	0.84801	0.17145	-0.25625	0.21685	0.57595	0.51521	0.422
0.31546	0.35509	0.63359	0.52767	0.53011	0.50882	0.4107	0.41615
0.97	0.97225	0.92607	0.53718	0.5533	0.46897	0.41992	0.34674
0.17527	-0.028069	0.65284	0.45254	0.51493	0.63687	0.5273	0.54289
-0.61937	0.72088	0.78803	0.83197	0.78759	0.75781	0.73938	0.62788
0.79632	0.9224	0.79122	0.42798	0.61174	0.54381	0.49925	0.45809
0.92774	0.94159	0.76496	0.4437	0.43952	0.45862	0.50162	0.43397
0.70337	0.797	0.079391	-0.40953	0.35681	0.48198	0.56319	0.49442
0.67611	0.49841	0.68902	0.5133	0.51177	0.54167	0.51339	0.48271
-0.93066	-0.95977	-0.95265	-0.79258	-0.40614	-0.2127	-0.087143	-0.030077
-0.87051	-0.026411	0.093533	0.41714	0.11122	-0.053695	0.00045272	0.064984
0.428	0.62766	-0.25237	0.48403	0.46387	0.61462	0.65207	0.57878
0.64539	0.098542	0.66087	0.85881	0.64884	0.54687	0.43839	0.42257
-0.07649	0.64934	0.87287	0.63823	0.58626	0.49649	0.46739	0.44383
-0.50573	-0.12709	0.63369	0.33873	0.4319	0.39443	0.63371	0.59801
0.79846	0.60398	0.34053	0.29164	0.43305	0.69653	0.67186	0.57825
0.92613	0.89764	0.94756	0.75137	0.74042	0.72082	0.69678	0.57961
0.014986	-0.73155	-0.76434	-0.55701	-0.30168	-0.030615	-0.01411	0.20282
0.72492	0.93807	0.84811	0.76306	0.70876	0.58035	0.50922	0.54691
0.75328	0.85893	0.51632	0.96495	0.86661	0.87077	0.79367	0.69999
0.56977	0.88738	0.53348	-0.076141	0.5996	0.63548	0.54027	0.54158
-0.81477	0.17844	-0.7382	-0.38276	-0.023593	0.41419	0.53418	0.50071
-0.31356	-0.82184	-0.47487	-0.32087	0.18783	0.42664	0.49006	0.52814
-0.34878	0.68463	0.49677	0.29178	0.48252	0.55587	0.6819	0.62654
0.32082	0.91119	0.33583	-0.0097682	-0.36209	-0.0052381	0.20742	0.33652
0.92905	0.93495	0.71466	0.63794	0.57921	0.50634	0.54389	0.5001
0.60647	-0.22009	-0.088304	0.53394	0.39491	0.2449	0.14069	0.1912
0.60786	0.8215	0.84247	0.8029	0.85359	0.8139	0.76349	0.68836
-0.62509	-0.14413	-0.36137	0.6556	0.76669	0.64375	0.63095	0.51562
0.77816	0.7522	0.46974	0.74747	0.55163	0.3993	0.52759	0.45165
0.12887	-0.58464	0.19041	0.53141	0.47158	0.57643	0.508	0.5272
0.80859	0.87053	0.78893	0.61661	0.55313	0.55357	0.64146	0.53738
0.46646	0.68994	0.29293	-0.26251	-0.053607	0.053015	0.071584	0.20204
0.27624	-0.67121	-0.12589	-0.45436	0.09407	0.2777	0.29676	0.29505
0.69938	0.26797	-0.41688	0.14841	0.31314	0.52942	0.58107	0.53705
0.64474	0.59353	0.43134	0.80602	0.52701	0.52834	0.51395	0.42632
0.15135	-0.45242	0.68892	0.47077	0.36821	0.45436	0.29055	0.34868
0.90036	0.85165	0.34306	0.87376	0.69618	0.81347	0.73993	0.60777
0.8786	0.80772	0.04947	0.10143	0.079148	0.35955	0.46267	0.33516
0.15469	0.50766	0.66266	0.7716	0.52178	0.64102	0.59193	0.55504
0.89627	0.95094	0.3392	0.40114	0.56244	0.50747	0.43583	0.4131
0.46217	0.30244	0.85616	0.44853	0.2295	0.50199	0.51656	0.53773
-0.82083	-0.79543	-0.66309	0.13394	0.34018	0.4881	0.43047	0.38762
0.51298	0.83436	0.67004	0.84622	0.68406	0.48317	0.43203	0.43613
0.070658	0.27294	0.67256	0.034984	0.018774	0.19144	0.41655	0.35713
0.14819	0.38228	0.69695	0.48705	0.44398	0.44393	0.49901	0.49708
0.90941	0.88486	0.48097	0.19441	0.41065	0.48351	0.4948	0.51515
0.76704	0.75527	0.57114	0.42551	0.51041	0.61626	0.54086	0.43741
0.75296	0.71084	0.61011	0.53201	0.58606	0.45994	0.39402	0.40068
0.81097	-0.04416	0.3872	0.60687	0.57239	0.51457	0.55612	0.60509
0.54018	0.53295	0.7356	0.53576	0.33463	0.41782	0.45427	0.38434
0.87699	0.71517	0.78007	0.78351	0.66851	0.64125	0.51561	0.51079
0.85984	0.93147	0.92441	0.84763	0.70771	0.63598	0.59133	0.58647
0.93432	0.88016	0.57089	0.40273	0.32626	0.33399	0.30283	0.37111
-0.3282	0.5659	0.52111	0.094073	0.05368	0.10526	0.16767	0.20219
0.62832	0.77671	0.55513	0.61835	0.66317	0.56269	0.56771	0.52221
0.37417	0.81975	0.55932	0.21198	0.1527	0.31416	0.3912	0.40194
-0.87537	-0.86846	-0.23598	0.5417	0.47994	0.36974	0.46628	0.47849
-0.93637	-0.97488	0.0020511	-0.29506	0.1177	0.45298	0.50416	0.49131
0.72083	0.7593	-0.85874	-0.2669	0.15097	0.32689	0.27825	0.3486
0.71149	0.82584	0.018051	0.11339	0.078241	0.20935	0.26542	0.30956
0.39081	0.27546	-0.1293	0.74332	0.52617	0.45236	0.37536	0.37069
0.72059	0.92795	0.70261	0.22747	0.2375	0.16146	0.20599	0.30384
0.85763	0.82665	0.91549	0.85045	0.71599	0.75815	0.61318	0.5787
0.55036	0.79597	0.71358	0.079845	0.16293	0.35916	0.36914	0.42719
0.85138	0.25968	0.52159	0.50477	0.55554	0.57964	0.55028	0.54644
0.91455	0.82966	0.81693	0.78712	0.75302	0.74613	0.73416	0.65802
0.66319	0.75145	0.92635	0.65044	0.64331	0.61256	0.48647	0.40801
-0.37863	-0.43714	-0.68418	-0.56161	-0.38796	-0.010727	0.11938	0.1876
0.6323	0.76474	0.14071	-0.30002	0.28234	0.40994	0.46639	0.39567
-0.083511	0.6082	0.92554	0.89757	0.57166	0.62182	0.58023	0.53998
0.63717	-0.12102	0.25737	0.63515	0.79535	0.67312	0.60013	0.51469
0.20853	-0.73085	-0.74267	-0.49759	0.059511	0.33822	0.37679	0.36348
-0.86218	-0.26938	-0.2287	-0.039122	0.11306	0.16653	0.24781	0.29584
-0.75183	-0.38777	-0.15289	-0.14416	0.35698	0.45092	0.4516	0.46108
-0.030038	0.68737	0.79876	0.58012	0.58622	0.57338	0.70498	0.70527
-0.43793	0.48205	0.75213	0.52986	0.34929	0.38107	0.35729	0.39457
0.78304	0.89144	0.94214	0.88722	0.81044	0.61493	0.62822	0.58291
-0.78587	-0.92096	-0.82474	0.64147	0.65122	0.51633	0.56314	0.47837
-0.68382	-0.65654	-0.55071	0.011205	-0.061756	0.30625	0.37232	0.3395
0.18299	-0.19226	-0.43212	0.1795	0.45084	0.74372	0.75075	0.67691
-0.030641	0.90419	0.95088	0.49614	0.33857	0.37968	0.34211	0.36512
0.050451	0.67171	0.7311	0.26081	0.060424	0.08753	0.35811	0.35205
0.55811	0.77215	0.76793	0.77957	0.64888	0.54089	0.44766	0.4326
0.1984	0.38505	0.3079	0.11208	0.19534	0.33571	0.52198	0.56019
0.89782	0.91826	0.661	0.63793	0.51027	0.56658	0.42828	0.36344
-0.86203	-0.88859	-0.83553	-0.13948	0.5043	0.57763	0.56318	0.52325
0.22244	0.38165	-0.069019	0.23291	0.57948	0.57342	0.56268	0.54498
0.17465	0.62506	0.93088	0.80036	0.72491	0.60142	0.56177	0.53035
0.88787	0.95063	0.93932	0.90363	0.79655	0.64689	0.6196	0.52416
-0.6415	0.86934	0.74741	0.65115	0.40294	0.26606	0.355	0.19108
-0.61683	-0.80518	-0.79289	-0.052802	0.04581	0.32852	0.31178	0.30858
0.84094	0.79073	0.29081	0.35145	0.34299	0.38291	0.39545	0.41215
-0.33167	-0.05978	0.58842	0.64683	0.66221	0.55155	0.43692	0.41184
0.44899	0.58616	0.83254	0.76992	0.60025	0.66668	0.59765	0.51664
0.313	0.5582	0.70628	0.52144	0.55774	0.52764	0.63291	0.61819
0.21394	0.58585	0.07871	-0.17806	0.048739	0.41839	0.42518	0.35359
-0.064685	-0.45675	0.82273	0.71382	0.72034	0.63517	0.52895	0.4407
-0.354	-0.76363	0.072646	0.64699	0.58857	0.53144	0.4367	0.40234
0.76369	0.56495	0.25023	0.37581	0.31489	0.39212	0.45882	0.50195
0.61736	0.88513	0.52458	0.72685	0.68293	0.55929	0.55156	0.42088
0.72981	0.82814	0.71372	0.70994	0.67257	0.69193	0.62956	0.65384
-0.35628	0.21121	-0.23979	0.58921	0.55141	0.38342	0.46018	0.3837
-0.5483	-0.54526	0.22305	0.38292	0.25625	0.29758	0.31884	0.31657
0.39088	-0.13547	0.096697	0.09344	0.082837	0.31463	0.31069	0.31907
0.44938	0.35791	0.48366	-0.19046	0.16797	0.59529	0.55123	0.49699
-0.53485	0.3919	0.69933	0.63501	0.62666	0.60218	0.57072	0.50656
0.64415	0.91103	0.87496	0.85265	0.64571	0.70311	0.64051	0.51076
0.1094	-0.89319	-0.88534	-0.41876	0.37903	0.30461	0.31083	0.2796
-0.09701	0.57092	0.7645	0.60247	0.34247	0.43806	0.43138	0.38943
-0.72313	0.32929	0.78607	0.69198	0.64628	0.49569	0.42069	0.41873
-0.6492	-0.70416	-0.62809	-0.51533	-0.11287	0.1116	0.41004	0.46385
-0.83908	-0.67943	-0.44623	0.41843	0.44306	0.66267	0.59838	0.59515
-0.44687	0.86502	0.60888	0.72913	0.39559	0.47029	0.52374	0.45901
-0.90356	-0.87954	-0.68477	-0.1574	-0.06725	0.22366	0.33119	0.39216
0.20273	0.17908	0.74529	0.57424	0.56691	0.61337	0.50714	0.45911
0.73361	0.87854	0.81936	0.29354	0.28947	0.21031	0.14624	0.23796
0.91795	0.76107	0.75783	0.87632	0.40214	0.38021	0.36087	0.38868
0.82298	0.9157	0.92303	0.9088	0.63639	0.61698	0.5939	0.55653
0.52585	0.80969	0.24417	0.63044	0.51961	0.44734	0.5155	0.53057
0.82551	-0.14994	0.2705	0.092083	0.48227	0.5495	0.57321	0.50832
0.24541	0.86329	0.259	-0.2682	0.074692	0.14112	0.29888	0.36403
-0.79483	0.24426	0.78214	0.79036	0.5862	0.67996	0.6123	0.52912
-0.005523	0.65253	0.46923	0.2141	0.33034	0.49327	0.59444	0.54923
0.66922	0.87011	0.68094	0.5265	0.34699	0.42462	0.33414	0.30166
-0.0072728	0.91413	0.9433	0.85889	0.7454	0.60713	0.56601	0.53314
-0.90685	-0.41209	-0.6562	0.072776	0.17391	0.34079	0.38219	0.39651
0.031738	0.4278	0.72056	0.87982	0.55285	0.62752	0.69067	0.57259
0.95437	0.92019	0.80889	0.73572	0.79441	0.74926	0.71995	0.61062
0.31145	-0.14195	0.70567	0.76692	0.36161	0.41075	0.46665	0.48134
-0.076405	0.068788	0.1425	0.22096	0.43826	0.46356	0.48272	0.46402
-0.34428	0.83413	0.68014	0.78135	0.66948	0.60238	0.54051	0.51986
-0.22509	0.5135	0.75738	0.91195	0.76048	0.72949	0.65276	0.59246
-0.87154	-0.92963	0.85547	0.66421	0.20995	0.12878	0.084269	0.1818
0.59507	0.49225	0.41275	0.53274	0.13049	0.22056	0.26481	0.2598
0.18503	0.80777	-0.53459	0.069569	0.06294	0.034467	0.18644	0.33196
0.6352	-0.89957	-0.92211	-0.29625	-0.034505	0.10334	0.23675	0.30471
0.87848	0.94045	0.92804	0.95382	0.7727	0.78718	0.56654	0.50474
0.94665	0.69119	0.96183	0.4313	0.56056	0.58615	0.46859	0.30264
0.53725	0.90446	0.89558	0.81176	0.71371	0.50088	0.3955	0.38071
-0.69632	-0.12367	-0.098325	0.034431	0.24072	0.47235	0.30583	0.30322
0.12453	0.74753	-0.5432	-0.22275	0.46154	0.60095	0.60215	0.48851
0.43467	0.16313	-0.17447	0.18901	0.38141	0.37892	0.34719	0.40984
-0.14259	0.16973	0.80061	0.77635	0.81413	0.69917	0.7045	0.69079
0.43052	0.43284	0.6726	0.59872	0.32331	0.5054	0.43446	0.51474
0.43634	0.91139	-0.80749	0.14345	0.32682	0.49803	0.45357	0.44691
0.59814	0.79159	0.51611	0.492	0.57576	0.65454	0.61403	0.5292
-0.1585	0.65995	0.93576	0.76159	0.66177	0.53904	0.5936	0.546
-0.42214	-0.35303	0.19622	0.33978	0.64216	0.55273	0.5521	0.4868
0.32786	0.5539	0.79658	0.58578	0.55504	0.5507	0.48866	0.49886
0.705	-0.040516	0.069228	0.19131	0.38391	0.51469	0.40936	0.43486
0.92693	0.95928	0.97712	0.87413	0.44976	0.36284	0.3952	0.40307
-0.42679	0.40381	0.51284	0.64164	0.4949	0.38204	0.38612	0.43994
0.92922	0.96004	0.76082	0.81655	0.65744	0.4877	0.4165	0.5643
0.72114	-0.74484	0.74609	0.77912	0.30077	0.23276	0.26031	0.37572
-0.42925	-0.44362	0.44678	0.78148	0.5119	0.59413	0.59072	0.57271
-0.11186	0.47816	0.8579	0.77364	0.68694	0.73987	0.69066	0.62762
0.88686	0.82725	0.92191	0.9146	0.7805	0.68413	0.67334	0.53235
0.45398	0.6832	0.52221	0.029922	0.11711	0.14912	0.19117	0.22542
-0.96741	-0.9636	-0.79796	-0.43192	-0.065484	0.26924	0.3996	0.37217
0.94148	0.91869	0.73401	0.33331	0.2502	0.37649	0.3664	0.38593
-0.75494	0.74593	0.31462	-0.098438	-0.1766	0.038521	0.34454	0.41368
0.25897	0.33742	-0.40741	0.2019	0.56722	0.4875	0.38744	0.32561
0.90273	0.85906	0.57736	0.4357	0.5455	0.58491	0.58062	0.53446
0.73443	0.13364	0.42005	0.67403	0.6894	0.63379	0.61408	0.57691
-0.31357	0.60641	-0.3492	0.14132	0.33821	0.42783	0.48075	0.44352
-0.63896	-0.85145	-0.4387	-0.32678	0.24489	0.32309	0.49421	0.48359
0.823	0.80709	0.91123	0.87036	0.74051	0.63453	0.67063	0.62357
0.75797	0.8044	0.78333	0.13416	-0.10087	0.23014	0.24771	0.29193
0.75363	0.9669	0.89272	0.83084	0.48829	0.31405	0.27381	0.3365
0.34901	0.60354	0.62405	0.62457	0.47522	0.41804	0.44179	0.45402
0.8115	0.79218	0.66347	0.025622	-0.1014	-0.010923	0.20123	0.30852
-0.54502	-0.24047	-0.8323	-0.034294	-0.032931	0.30673	0.42651	0.43863
-0.085328	0.079587	0.50108	0.32633	0.49752	0.367	0.49382	0.53716
0.5934	0.89444	0.67601	0.7383	0.65152	0.43037	0.43989	0.39766
-0.41081	-0.57719	0.84049	0.7951	0.59761	0.41318	0.41958	0.45261
0.94924	0.93325	0.83358	0.38326	0.45421	0.34003	0.34688	0.46993
-0.91832	-0.83414	-0.012485	0.57152	0.55094	0.56597	0.56342	0.55494
0.36251	0.62224	0.94442	0.88343	0.6709	0.5164	0.43913	0.40163
0.011878	0.30431	-0.30577	-0.056955	0.11867	0.28432	0.37128	0.39562
0.85246	0.90523	0.81116	0.36831	0.32174	0.55073	0.54925	0.54275
-0.80764	-0.81957	-0.28486	0.008643	-0.0014083	0.36789	0.37	0.42643
0.45272	0.64443	0.78759	0.74901	0.66269	0.53521	0.4521	0.49724
0.44224	0.55959	0.86482	0.84155	0.78132	0.62535	0.58441	0.56553
-0.32236	0.75187	0.74844	0.10291	0.12397	0.2827	0.33654	0.36522
0.72161	-0.068617	0.44198	0.3653	0.28636	0.38749	0.4116	0.42319
-0.65471	0.59338	0.89294	0.7521	0.6245	0.55969	0.54649	0.52556
-0.67662	-0.11071	0.36392	0.42678	0.56403	0.57515	0.56884	0.50169
-0.76216	-0.61872	0.29979	0.43066	0.35794	0.28019	0.33007	0.3698
-0.2859	0.76489	0.8545	0.75196	0.77934	0.75089	0.68673	0.65563
0.80943	0.77622	0.24884	-0.18443	-0.25709	0.25525	0.36288	0.46805
0.63444	0.6185	0.078241	0.50505	0.69451	0.74995	0.66816	0.64973
-0.54309	-0.12149	0.59244	0.44897	0.030226	0.17822	0.19284	0.23529
0.85396	0.95705	0.79193	0.87744	0.64928	0.80052	0.71669	0.71803
0.49086	0.68762	0.37837	0.66859	0.297	0.23613	0.074724	0.15876
0.7566	0.62864	0.29266	0.07995	0.42613	0.45013	0.57304	0.54095
0.85455	0.91424	0.92798	0.6309	0.68252	0.60516	0.67608	0.67628
-0.63693	-0.48431	-0.045161	0.64623	0.58043	0.48828	0.46268	0.45003
0.51816	0.41741	0.67004	0.5565	0.5015	0.42484	0.43102	0.42183
0.43706	0.79645	0.63545	0.18554	0.59124	0.79297	0.70719	0.63385
-0.021534	0.70365	0.76677	0.88025	0.64782	0.69463	0.67778	0.67735
-0.44684	-0.30722	-0.83891	-0.61494	-0.29233	0.097968	0.12336	0.20722
0.37362	0.7937	0.75325	0.80207	0.67366	0.70267	0.71141	0.75699
0.82238	0.92302	-0.41037	-0.72229	0.017306	0.26284	0.34155	0.41785
-0.76389	-0.16732	0.47235	0.47295	0.38644	0.54604	0.57203	0.57103
-0.20861	-0.013962	-0.0092975	0.29438	0.33601	0.36134	0.51881	0.47611
0.087136	0.17683	0.34919	0.54686	0.56257	0.46377	0.55445	0.50509
0.84991	0.93358	0.90816	0.76529	0.68263	0.6493	0.47384	0.43844
0.79001	0.78243	0.72386	0.62868	0.67457	0.59883	0.59425	0.54928
0.22518	0.82106	0.53906	0.72492	0.54201	0.58663	0.54583	0.52541
0.43208	0.60822	-0.60049	-0.84012	-0.22457	0.12949	0.25465	0.21002
0.64421	0.82824	0.88342	0.75021	0.56344	0.40623	0.46634	0.45863
0.50465	0.8082	0.88599	0.76128	0.65684	0.62363	0.57821	0.56123
0.88388	0.7523	0.696	0.16467	0.31094	0.4099	0.46049	0.45629
-0.82798	-0.67928	-0.15682	-0.27663	0.0063229	0.21057	0.31753	0.41325
-0.50072	-0.80791	0.71995	0.50376	0.47982	0.54422	0.42729	0.4665
0.3568	-0.072863	-0.012941	0.29179	0.41196	0.43158	0.4662	0.44903
-0.81763	-0.96344	0.26706	0.4731	0.16079	0.1408	0.22394	0.25705
0.052904	0.74772	0.73666	0.509	0.44695	0.5947	0.64235	0.60277
-0.86331	0.059449	0.81321	0.77896	0.49005	0.29462	0.38596	0.36525
-0.6571	-0.70886	-0.65552	-0.00087663	-0.19963	-0.29964	-0.26775	0.0098294
-0.84949	-0.67509	-0.13825	0.68357	0.80539	0.71979	0.66385	0.63136
0.71175	0.48765	-0.2814	0.53163	0.42873	0.29499	0.28419	0.23218
0.60436	0.95158	0.78792	0.55066	0.53114	0.73508	0.65955	0.60018
0.78609	0.66198	0.7471	0.72448	0.55588	0.59183	0.48282	0.37295
-0.41908	-0.5634	-0.34092	-0.27801	0.13713	0.32341	0.23512	0.25052
0.86506	0.83934	0.97205	0.96404	0.61438	0.40765	0.41748	0.39741
0.79255	0.73464	0.61074	0.81377	0.72901	0.72633	0.68336	0.57471
0.39025	0.51729	0.52988	0.26353	0.45082	0.46901	0.37453	0.34474
-0.82379	-0.68375	0.4364	0.68676	0.34898	0.26312	0.13008	0.23481
0.36037	0.46695	0.5398	0.446	0.61782	0.72492	0.67971	0.66561
0.61786	0.39985	0.119	-0.066586	-0.010163	-0.022048	0.11754	0.20947
0.051168	0.40098	0.11437	-0.19948	-0.069794	-0.0049232	0.22087	0.26099
-0.15044	0.76276	-0.10051	0.28886	0.45762	0.43047	0.31714	0.23889
0.67577	0.75417	0.66132	0.49182	0.36368	0.26574	0.33217	0.37166
-0.054388	0.76786	0.65635	0.47562	0.54916	0.53304	0.55172	0.51535
0.69123	0.9078	0.69995	0.57101	0.60471	0.6579	0.67203	0.6156
0.56029	0.90287	0.76783	0.41391	0.67024	0.50778	0.49503	0.45173
-0.32514	-0.63148	0.52421	0.24519	0.36864	0.41087	0.56555	0.6399
0.070365	0.8222	0.48136	0.30761	0.56235	0.53256	0.4763	0.4098
-0.26096	-0.54676	-0.70606	0.061911	0.021461	0.24988	0.35057	0.36807
0.15248	0.2109	-0.192	0.084042	0.54213	0.58861	0.59703	0.52122
-0.41161	0.49583	0.55064	0.71317	0.73418	0.79185	0.76208	0.72324
0.83157	0.83733	0.44497	0.1745	0.17373	0.21284	0.21758	0.20609
0.44147	0.73895	0.93889	0.75203	0.79765	0.73052	0.72574	0.66913
0.42937	0.44403	-0.3409	-0.23031	0.11507	0.41962	0.46006	0.48764
-0.8856	-0.58027	0.0033538	0.37004	0.32579	0.3845	0.38876	0.38509
0.64145	0.77024	0.81281	0.76263	0.65032	0.49928	0.44998	0.40256
0.34223	0.36798	0.73267	0.64254	0.63436	0.50466	0.55734	0.50981
-0.85043	0.36707	0.94618	0.5927	0.54225	0.40287	0.44843	0.39792
0.18786	-0.45566	0.12928	0.36743	0.69361	0.5164	0.56354	0.56085
-0.77227	-0.72421	0.58474	0.42853	0.45889	0.47909	0.49605	0.523
0.44919	-0.27768	-0.62655	-0.66904	-0.41123	-0.20719	0.034303	0.12416
-0.7607	0.59614	0.67406	0.63817	0.61679	0.64183	0.52762	0.52574
-0.14785	0.6457	-0.084191	0.40032	0.63282	0.51115	0.52939	0.48408
0.7507	-0.20146	0.68586	0.38999	0.30152	0.3084	0.40331	0.41848
0.94288	0.94615	0.90669	0.6271	0.47127	0.57953	0.58438	0.52799
-0.73312	-0.35627	-0.17377	0.49601	0.54907	0.385	0.41873	0.4419
-0.32952	0.49925	0.87569	0.63954	0.66452	0.75387	0.66874	0.65269
0.52677	0.59983	0.48659	0.41163	0.38099	0.45725	0.43506	0.39501
0.24305	0.1731	0.41708	0.66621	0.65954	0.55711	0.53868	0.5275
-0.54012	-0.41397	-0.52674	-0.30514	0.6429	0.60421	0.44882	0.51547
-0.68641	-0.28866	-0.11953	0.43684	0.03944	0.53499	0.53563	0.49304
-0.24156	-0.77819	-0.5419	-0.097404	0.20633	0.16694	0.17363	0.28524
0.88329	0.95359	0.8585	0.81467	0.75738	0.72592	0.69497	0.63688
0.1673	-0.23905	0.83536	0.75701	0.59117	0.53554	0.48118	0.44235
-0.86197	0.43776	0.91396	0.67784	0.6221	0.57561	0.53207	0.52387
-0.78195	0.53841	0.62959	0.4156	0.5798	0.40886	0.4406	0.47211
-0.32221	-0.46137	0.72484	0.83642	0.7981	0.59823	0.67643	0.69921
-0.86889	-0.85635	-0.69634	0.50516	0.52343	0.67284	0.6196	0.54369
0.65862	0.84338	0.93338	0.8267	0.58865	0.57465	0.57183	0.52923
-0.35927	-0.74669	-0.39731	0.19022	0.23288	0.21756	0.34722	0.34963
0.67167	-0.22131	0.15029	0.22254	-0.10949	-0.13973	0.20411	0.34527
0.80833	0.75022	0.45667	0.74099	0.64696	0.6116	0.60043	0.51151
-0.66787	-0.86874	-0.96045	-0.66953	-0.025414	0.13485	0.32461	0.32593
-0.92104	-0.90335	-0.70201	0.60816	0.28217	0.11317	0.18211	0.28837
-0.15097	0.36752	0.70353	0.53197	0.044159	0.23662	0.23884	0.25457
0.62943	0.66569	0.82895	0.69566	0.79791	0.7273	0.67294	0.62747
0.16736	0.29804	0.3056	0.28552	0.22477	0.56306	0.62481	0.60107
0.68455	0.31402	0.47132	0.37833	0.35023	0.3691	0.36695	0.39963
0.53557	0.57118	0.17449	0.56137	0.67244	0.71444	0.75288	0.61401
-0.67232	-0.8296	-0.55439	-0.10511	0.29191	0.40511	0.3906	0.34851
-0.4191	-0.94895	-0.95273	-0.68981	-0.62889	-0.19204	-0.11092	0.066579
0.25835	0.54658	0.72153	0.81184	0.67711	0.61128	0.5292	0.40493
0.10273	0.72644	0.7617	0.68432	0.50115	0.37058	0.37433	0.39933
0.81492	0.84051	0.67643	0.50438	0.42918	0.40514	0.36643	0.38065
-0.55675	0.29737	-0.056704	-0.051253	0.20522	0.20144	0.36256	0.45253
-0.29735	0.28106	0.92182	0.61756	0.57223	0.47406	0.48844	0.45062
0.77344	0.80696	0.63561	0.44976	0.48806	0.49973	0.58448	0.66045
0.63191	0.78545	0.81372	0.54487	0.52665	0.54902	0.55081	0.4703
-0.98867	-0.97981	-0.95923	-0.76354	-0.022656	0.31296	0.24905	0.17301
0.57295	0.63378	0.65062	0.44103	0.57694	0.54647	0.51661	0.48479
0.87356	0.97939	0.89776	0.6895	0.71495	0.60597	0.63334	0.51055
0.18611	0.068196	0.69064	0.82702	0.59049	0.51806	0.47653	0.42493
0.91769	0.90744	0.92626	0.56626	0.62778	0.52235	0.50685	0.48678
-0.56268	-0.80282	0.7308	0.62316	0.68078	0.58417	0.60895	0.53243
0.72392	0.70948	0.97227	0.91246	0.62172	0.59121	0.5123	0.47412
0.92348	0.86831	0.93578	0.58058	0.65341	0.57927	0.53016	0.5391
-0.57566	0.28875	0.59392	0.12719	0.50607	0.33093	0.46721	0.41628
-0.82014	-0.18005	-0.043151	-0.11168	0.1315	0.25735	0.31906	0.26747
-0.96451	-0.9632	-0.78148	-0.19533	0.31208	0.43327	0.4143	0.45768
-0.58025	-0.13298	0.57395	0.26395	0.16411	0.25393	0.29702	0.27499
-0.53271	-0.90311	-0.62318	0.38402	0.49929	0.34722	0.24541	0.28233
-0.76375	0.43039	0.57404	0.29595	-0.053749	-0.025778	0.31735	0.34648
-0.22662	0.045862	-0.066339	0.66723	0.68078	0.70838	0.69512	0.62744
0.6812	0.93101	0.90679	0.81084	0.56035	0.56393	0.54601	0.41903
-0.51074	-0.88362	-0.82461	-0.23346	-0.043977	0.18553	0.32023	0.29454
-0.78731	-0.66304	-0.9769	-0.88197	0.078262	0.43099	0.24627	0.2862
-0.71137	0.44406	0.71381	0.8476	0.68659	0.6305	0.65718	0.5919
0.2062	-0.10922	-0.76641	-0.36191	-0.22362	0.032768	0.31176	0.28577
0.86972	0.55164	0.21058	0.011874	0.21893	0.26964	0.39258	0.37255
-0.02967	0.55772	0.90022	0.86646	0.73825	0.57735	0.57105	0.47105
-0.013532	0.61692	0.60007	0.85838	0.55525	0.70942	0.61593	0.5596
0.90715	0.86317	0.6506	-0.51436	-0.23746	0.051945	0.13361	0.29672
0.59941	0.82469	0.34371	0.050978	0.099967	0.23703	0.33091	0.38256
-0.78512	-0.80647	-0.79711	-0.27046	0.18841	0.45644	0.45245	0.39721
-0.37735	0.50226	0.15238	0.48087	0.68483	0.57279	0.49271	0.47101
-0.58142	0.46858	0.16632	0.20309	0.18737	0.36845	0.36895	0.36325
0.90914	0.9171	0.75283	0.53567	0.58627	0.62988	0.59298	0.47906
0.79962	0.21206	0.015131	-0.42599	0.022642	0.052141	0.14856	0.20753
0.69048	0.9233	0.94939	0.73772	-0.089928	-0.048368	0.05307	0.12826
-0.51267	-0.078153	0.5075	0.54927	0.6156	0.52117	0.45182	0.50456
0.80154	0.88256	0.61935	0.29542	0.13898	0.34149	0.45749	0.5013
0.60128	0.86064	0.94925	0.80035	0.43967	0.47593	0.49035	0.44844
0.47888	0.81133	0.90618	0.69173	0.25981	0.23534	0.38686	0.45975
0.82951	0.96936	0.94704	0.65225	0.62635	0.55066	0.53633	0.45873
-0.87859	-0.92625	-0.10739	0.22643	0.2016	0.21964	0.28774	0.37964
0.52593	0.86099	0.60176	0.56242	0.12041	0.24549	0.3013	0.32375
-0.73201	-0.65291	-0.5691	-0.23798	0.22987	0.35209	0.39799	0.38644
0.67739	0.92351	0.86176	0.73338	0.53276	0.60472	0.6446	0.59243
0.62463	0.59228	-0.30106	0.52204	0.27409	0.42736	0.37352	0.27866
-0.35515	0.90307	0.7341	0.54426	0.57209	0.70404	0.7492	0.63818
0.59938	0.45012	0.34534	0.40953	0.39612	0.4543	0.38478	0.38601
0.89689	0.92345	0.10676	0.34061	0.28963	0.40183	0.35397	0.44618
-0.1404	-0.38586	-0.47379	-0.59654	-0.25821	0.29945	0.40403	0.42935
0.83825	0.559	0.88857	0.87863	0.79583	0.78011	0.75055	0.627
0.23534	0.89521	-0.13758	0.4351	0.42751	0.27539	0.43436	0.43091
0.85758	0.88958	0.46589	0.35104	0.38013	0.35737	0.33513	0.32238
-0.80768	-0.81073	0.010832	0.34426	0.44452	0.58377	0.52459	0.50872
0.40425	0.82839	0.89046	0.86453	0.39129	0.43074	0.5016	0.52312
-0.69804	0.44786	0.59239	0.66157	0.50563	0.48327	0.51368	0.50364
-0.41486	-0.54033	0.2309	0.51193	0.33002	0.39233	0.43564	0.4336
0.42209	-0.53411	0.2697	-0.092446	-0.36533	-0.084596	-0.065759	0.061414
0.42256	0.73085	0.10067	0.29818	0.45851	0.56373	0.4851	0.43155
0.47721	-0.69472	0.41821	0.14166	0.21124	0.23571	0.25796	0.30087
0.11811	0.40305	0.90127	0.63337	0.57548	0.4255	0.40202	0.40692
0.53004	0.60377	0.66706	0.60134	0.61855	0.62147	0.65811	0.61381
-0.48119	0.68347	0.21435	0.43878	0.51158	0.44773	0.48803	0.50224
0.50186	0.50872	0.78725	0.66965	0.48513	0.41123	0.41228	0.42215
0.23024	0.2075	-0.48382	0.14742	0.40432	0.22107	0.2738	0.27852
-0.93346	-0.071432	0.4733	0.55334	0.41473	0.4271	0.50731	0.50966
0.72675	0.92661	0.95749	0.85948	0.62515	0.66017	0.58411	0.56835
-0.79572	0.67298	0.77291	0.23419	0.093697	0.24793	0.35466	0.38967
0.69583	0.79154	0.62247	0.57133	0.49663	0.42236	0.47659	0.46517
0.66214	0.83514	0.78925	0.74181	0.71771	0.7022	0.63272	0.49758
0.69157	0.70378	0.69162	0.18436	0.43252	0.35914	0.20803	0.21034
-0.74967	-0.75237	-0.61258	-0.32516	-0.16532	0.14036	0.26584	0.23854
0.1174	-0.70585	-0.70455	0.70291	0.7959	0.71701	0.65514	0.64475
0.84073	0.69844	0.65536	-0.058818	0.043835	0.20267	0.22385	0.19228
0.54945	0.78145	0.75379	0.83727	0.73303	0.59902	0.55435	0.51807
0.7831	0.7547	0.27581	0.099227	0.27467	0.3978	0.43488	0.37935
0.80882	0.852	0.398	0.70489	0.82539	0.808	0.65349	0.61421
0.73868	0.89467	0.69139	0.80352	0.79543	0.68883	0.59275	0.45429
0.64649	0.59872	0.33838	0.25053	0.32114	0.39227	0.42507	0.39248
0.92526	0.71745	0.46413	0.37512	0.34258	0.388	0.45584	0.50486
-0.97188	-0.95463	0.6907	0.84991	0.7989	0.61925	0.55437	0.37004
-0.13185	0.92334	0.6572	0.37078	0.36946	0.48318	0.52728	0.48021
0.79599	0.83823	0.53183	0.023888	0.61651	0.54249	0.51151	0.43841
0.89108	0.94488	-0.33371	-0.072092	0.050828	0.24129	0.38807	0.4479
-0.47701	0.056662	0.094129	0.56995	0.46123	0.48917	0.54909	0.54194
0.61952	0.63466	0.28246	0.7036	0.60904	0.54626	0.6204	0.55359
-0.66579	-0.86091	-0.48504	-0.013399	0.099148	0.16123	0.11821	0.1968
-0.95396	-0.95844	-0.96266	-0.68031	-0.032592	0.33659	0.27901	0.19956
0.92223	0.88736	0.93245	0.86341	0.75395	0.6289	0.58223	0.54245
-0.85332	-0.2204	-0.65243	0.33076	0.57402	0.70593	0.7295	0.70171
-0.26452	0.1913	0.74501	0.54728	0.75096	0.5351	0.40202	0.42989
0.93107	0.96078	0.784	0.34884	0.52265	0.50652	0.5709	0.54384
-0.25274	0.71223	0.85832	0.77033	0.75737	0.72634	0.66954	0.61119
-0.58016	-0.058421	0.10733	0.84337	0.80719	0.71039	0.69186	0.59048
0.84297	0.67813	0.69416	0.73226	0.66927	0.6271	0.67339	0.64159
-0.32585	0.67127	0.93017	0.62298	0.48626	0.60952	0.53745	0.45027
0.82801	0.80553	0.92798	0.54968	0.48662	0.48586	0.45788	0.36723
-0.87576	0.26004	0.42282	0.67151	0.6645	0.6453	0.63554	0.58449
0.45505	0.7163	0.67336	-0.014751	-0.054646	0.35557	0.43753	0.43748
-0.72809	-0.87037	-0.42149	-0.079678	0.17906	0.32897	0.38669	0.41361
0.38574	-0.22111	0.0055757	0.35443	0.44434	0.34118	0.39046	0.38069
0.64342	0.42029	0.81262	0.17582	0.33941	0.39713	0.46361	0.47803
-0.58432	-0.54251	0.68563	0.72791	0.51863	0.53392	0.51982	0.50768
-0.32148	-0.68793	-0.069789	0.40654	0.35531	0.35367	0.41714	0.3219
-0.085483	0.57565	0.53584	0.47079	0.51608	0.48341	0.52219	0.53294
-0.53657	-0.62693	-0.5655	0.10235	0.35678	0.42551	0.46821	0.48617
0.39311	0.20923	0.16185	0.65032	0.66324	0.60302	0.59488	0.56282
0.69562	0.9714	-0.12715	0.12148	0.13665	0.31183	0.28796	0.2695
0.09544	-0.33996	-0.26179	0.38003	0.59386	0.59339	0.60486	0.5752
0.86716	0.89372	0.95461	0.79189	0.67786	0.45773	0.41942	0.45065
-0.70687	-0.63313	-0.53389	-0.11703	-0.089218	0.29705	0.35648	0.32511
0.89738	0.82315	0.74308	0.42802	0.21498	0.44645	0.48242	0.5023
0.35253	0.68218	0.95712	0.75819	0.61349	0.42822	0.321	0.21153
0.76241	0.75755	-0.0090135	0.19054	0.37088	0.42339	0.34423	0.43033
0.62677	-0.65748	0.7722	0.77363	0.46301	0.27077	0.26268	0.24149
0.70032	0.46308	0.33663	0.10247	0.3237	0.44876	0.49569	0.53598
-0.6716	-0.90597	-0.18713	0.43873	0.54404	0.66824	0.6072	0.60308
0.51351	0.79921	0.9439	0.78577	0.51024	0.51318	0.46413	0.44244
-0.89082	-0.87673	0.43767	0.47215	0.57645	0.5938	0.54969	0.54394
0.6834	0.72022	0.69458	0.77063	0.40619	0.3041	0.46369	0.47406
-0.18386	-0.48723	0.97571	0.61021	0.46528	0.4168	0.35948	0.32505
-0.68035	-0.82412	-0.59429	0.24468	0.2071	0.3344	0.41235	0.38278
0.69564	0.87179	0.83438	0.84962	0.31921	0.32098	0.38996	0.50524
-0.43219	-0.75294	-0.35975	0.76504	0.54765	0.49452	0.38273	0.36176
0.32421	0.78551	0.85691	0.60023	0.34841	0.2615	0.42071	0.3813
0.93323	0.94721	0.44963	0.64097	0.64506	0.65288	0.73294	0.65681
-0.92924	0.91023	0.53918	0.48194	0.47046	0.32914	0.31716	0.27418
0.38603	0.80496	0.030597	0.4008	0.66437	0.42541	0.33325	0.2425
0.46088	0.86921	0.93074	0.64376	0.57879	0.64425	0.56047	0.5073
-0.018251	-0.029008	-0.01682	0.32228	0.5055	0.49004	0.47577	0.45544
0.38711	0.79349	0.50742	0.78818	0.72521	0.60787	0.5355	0.51667
0.72645	0.95607	0.16675	0.067495	0.14452	0.24354	0.34158	0.39167
0.89517	0.97089	0.80608	0.92354	0.80416	0.63489	0.60706	0.52436
-0.83523	-0.84609	0.40099	0.54743	0.41304	0.4447	0.45793	0.44633
