0.2965	0.40133	0.6484	0.73536	0.61274	0.63185	0.60636	0.55006
0.79992	0.88862	0.7034	0.40283	0.49134	0.58665	0.63011	0.59383
0.80794	0.82027	0.83786	0.85379	0.60782	0.62705	0.57612	0.50241
0.46421	0.87533	-0.45276	0.072609	0.057412	0.068696	0.19354	0.20476
0.39123	0.4686	0.68957	0.76633	0.67152	0.5649	0.48156	0.44574
0.55837	0.71894	0.40418	0.020864	0.0022373	0.13037	0.20924	0.11739
0.42841	0.73571	0.89959	0.11482	-0.068286	0.11886	0.23202	0.23003
-0.54071	-0.81128	-0.43925	-0.15543	0.22331	0.2671	0.32367	0.24773
-0.58971	-0.72045	-0.088788	0.29553	0.47803	0.53688	0.47776	0.41336
0.01104	0.72696	0.76874	0.62815	0.29715	0.16807	0.28271	0.26106
-0.38445	0.60242	0.39327	0.063433	0.0037706	0.35552	0.36871	0.31095
0.58713	0.51702	0.43898	0.61174	0.59126	0.45578	0.34274	0.29342
0.72754	0.7628	0.74483	0.18593	0.23106	0.571	0.62813	0.51469
-0.20713	-0.62375	-0.52374	-0.21358	-0.075742	0.3118	0.42815	0.37708
-0.25689	0.3284	0.41579	0.17301	0.3614	0.56548	0.57493	0.53686
-0.69198	-0.72972	0.41063	0.26368	0.39456	0.43324	0.50556	0.46421
-0.74955	-0.67713	0.36342	0.41765	0.43981	0.38604	0.52026	0.44173
0.54556	0.55418	0.5807	0.4038	0.4291	0.39967	0.39208	0.34093
-0.072828	-0.19039	-0.034753	0.082018	0.091515	0.081546	0.27057	0.22154
-0.90825	-0.87172	-0.12886	0.24237	0.36162	0.64565	0.76487	0.64034
-0.46071	-0.64133	-0.23896	0.18189	0.1584	0.37613	0.34602	0.28615
0.72121	0.64889	0.57997	0.62461	0.66989	0.47062	0.3849	0.34609
0.86737	0.85808	0.77451	0.81851	0.55798	0.47265	0.47451	0.4463
0.57266	0.51802	0.52892	0.50248	0.54266	0.46214	0.46458	0.45281
0.24334	0.37147	0.3617	0.3261	0.44143	0.36208	0.508	0.39308
0.79085	0.89142	0.94536	0.92521	0.89752	0.78905	0.69258	0.58097
0.57016	0.7715	0.77951	0.61767	0.41539	0.55037	0.57048	0.5292
0.20019	-0.1054	-0.017736	0.4006	0.24073	0.26613	0.53306	0.43825
0.18243	0.6994	0.67849	0.4736	0.47758	0.49852	0.63524	0.56438
0.83899	0.80951	0.90999	0.71538	0.60099	0.4994	0.41295	0.34078
0.83958	0.90025	0.74037	0.84011	0.64757	0.43106	0.37564	0.41258
0.14873	0.44508	0.58846	0.10956	0.36661	0.58594	0.54721	0.46359
-0.34956	-0.16843	0.1312	0.52857	0.74108	0.73676	0.65243	0.58077
0.28529	0.32637	0.10006	0.21906	0.022201	0.23417	0.37366	0.34208
0.54546	0.52867	0.6418	0.32618	0.29569	0.16968	0.20969	0.19193
-0.55081	-0.59318	0.31382	0.3781	0.63881	0.66997	0.69852	0.58158
-0.57381	0.67561	0.097397	-0.13867	-0.035445	0.16075	0.28246	0.25821
0.21576	-0.27934	-0.071761	0.066057	0.46047	0.34367	0.43681	0.38364
0.71371	0.65754	0.69433	0.59163	0.49797	0.53188	0.55592	0.48754
0.05013	-0.18582	0.65594	0.78152	0.64619	0.67052	0.61503	0.54054
-0.2732	-0.56083	-0.28606	0.10974	0.41981	0.47336	0.53883	0.45538
0.67153	0.81128	0.70264	0.65718	0.54342	0.52874	0.49591	0.43557
-0.19644	0.43039	-0.22288	0.29588	0.4324	0.70547	0.66451	0.5778
0.72542	0.83152	0.80296	0.69361	0.58152	0.44551	0.38453	0.32375
0.82179	0.75689	0.48466	-0.047114	0.0050893	0.21813	0.28508	0.27263
-0.2165	-0.86359	-0.80758	-0.66893	-0.34797	-0.057622	-0.076887	0.0011108
0.79889	0.87194	0.78293	0.58049	0.55946	0.60774	0.71512	0.64742
-0.12734	0.76361	0.28147	0.55245	0.27614	0.23669	0.078765	0.059454
-0.21343	-0.54276	0.52945	0.51008	0.31031	0.21427	0.13204	0.15452
-0.85859	-0.84831	-0.72507	-0.52491	0.015869	0.17609	0.29277	0.24288
0.77824	0.11981	-0.077797	-0.028481	0.12025	0.17656	0.21964	0.23275
0.29612	0.65692	0.31191	0.23803	0.17339	0.37755	0.44903	0.34634
0.76796	0.84639	0.88955	0.84307	0.77684	0.73769	0.7576	0.6581
0.54939	0.78922	0.75374	0.54332	0.10106	0.22937	0.31404	0.25441
-0.72437	-0.35396	-0.21037	-0.32878	0.15928	0.37256	0.3647	0.31354
-0.63731	0.73388	0.48219	0.13404	0.21161	0.36994	0.45152	0.42502
-0.28373	-0.15817	0.19098	-0.27302	0.14443	0.31932	0.63708	0.53416
0.85031	0.86679	0.65524	0.5887	0.59678	0.40444	0.40933	0.35219
0.68008	0.067727	0.35623	0.74003	0.53321	0.50096	0.55738	0.49104
0.048364	-0.064008	0.64528	0.70037	0.64065	0.48084	0.50116	0.46998
0.62616	0.79345	0.89288	0.75857	0.59219	0.62287	0.51183	0.41782
0.62134	0.85786	0.80325	0.68046	0.56799	0.39347	0.33	0.31877
0.3986	0.72485	0.75416	0.65958	0.38343	0.60654	0.60183	0.56077
0.60719	0.63767	0.45028	0.27126	0.35328	0.44165	0.4312	0.37793
0.12339	0.53108	0.5209	0.40937	0.36151	0.36452	0.22948	0.2335
0.13015	0.31215	-0.032047	-0.060429	0.29516	0.39759	0.1769	0.13098
-0.37919	-0.21431	-0.11687	-0.11273	0.19355	0.34319	0.23473	0.25371
-0.79756	0.15484	0.49124	0.41417	0.46383	0.44169	0.34138	0.3202
0.87102	0.83032	0.77746	0.7105	0.68521	0.48089	0.61579	0.55124
0.7711	0.75856	0.48946	0.5133	0.38832	0.30023	0.34151	0.30923
0.40402	0.63011	0.63078	0.55709	0.49347	0.41232	0.30883	0.18684
0.15517	0.49062	0.79092	0.80361	0.66559	0.52579	0.4078	0.33598
0.094842	0.39122	0.48748	0.47892	0.25446	0.21993	0.38537	0.22554
-0.47046	0.051633	0.53156	0.38657	0.494	0.45562	0.45405	0.41883
-0.89288	-0.80022	-0.097346	0.17771	0.35912	0.2471	0.11013	0.13273
0.084953	0.75136	0.8538	0.75153	0.50051	0.38704	0.23608	0.16414
-0.58638	-0.89986	-0.5507	-0.23205	0.20333	0.4508	0.55311	0.48197
0.53407	0.76202	0.80757	0.7234	0.68447	0.62989	0.62544	0.52473
0.75672	0.86015	0.80779	0.43551	0.35497	0.33842	0.2392	0.21389
0.86139	0.71632	0.7347	0.49053	0.60336	0.46192	0.43482	0.39348
-0.62632	-0.55995	-0.097924	0.13627	0.457	0.50069	0.59355	0.54628
-0.47051	-0.17443	-0.059444	0.72184	0.56652	0.61054	0.51863	0.40366
0.59195	0.50286	0.46327	0.23489	0.26783	0.32321	0.41891	0.36503
0.56096	0.583	0.47488	0.3878	0.39963	0.43562	0.57229	0.51105
-0.37823	-0.37758	0.33079	0.30911	0.69874	0.63481	0.57023	0.53229
-0.68399	0.19067	-0.19182	0.30341	0.35892	0.5504	0.58662	0.51808
0.61795	0.3443	0.25644	0.46213	0.29387	0.37317	0.4664	0.3821
-0.89692	-0.92133	-0.8553	-0.7271	-0.11363	0.2373	0.39444	0.39702
0.41431	0.53774	0.62137	0.59711	0.63629	0.49523	0.53228	0.43015
-0.48903	0.44524	0.09536	-0.17342	-0.14575	0.15949	0.20586	0.20374
0.66606	0.90929	0.80463	0.69529	0.5744	0.60477	0.56467	0.45777
0.16715	0.77187	0.84532	0.47483	0.44071	0.33649	0.38864	0.30283
0.085721	-0.61684	0.10047	0.051171	-0.1385	-0.050619	-0.069398	-0.037855
0.03536	0.7909	0.77067	0.77077	0.64822	0.35406	0.35098	0.27438
0.83386	0.73402	0.68632	0.81439	0.66169	0.77489	0.76438	0.65349
-0.32163	0.34463	0.23628	-0.042698	0.43873	0.43348	0.58061	0.49958
-0.54238	-0.46817	-0.4464	-7.5885e-05	0.55281	0.56883	0.36752	0.35471
-0.89013	-0.66215	-0.10734	0.58998	0.72412	0.76518	0.8061	0.70898
0.83638	0.92644	0.91361	0.77531	0.66996	0.45785	0.49005	0.38635
0.54568	0.83247	0.727	0.65335	0.59495	0.45315	0.417	0.30625
0.53644	0.55128	0.018304	0.21366	0.16497	-0.093406	0.14077	0.19828
-0.71547	-0.88988	-0.80869	0.14217	0.46332	0.31282	0.239	0.2186
-0.60863	-0.055192	-0.022272	-0.093418	-0.034449	0.27581	0.29109	0.24386
0.19489	0.061272	0.16644	0.69645	0.58927	0.59102	0.59411	0.55201
0.43143	0.51736	0.43705	0.57535	0.090558	0.25927	0.30013	0.28309
0.13466	0.17584	0.19522	0.38805	0.39106	0.4166	0.50528	0.39918
0.36155	0.57099	0.60195	0.51719	0.48816	0.40075	0.4638	0.48188
-0.21009	-0.63221	-0.36109	-0.60539	-0.31213	0.22696	0.41219	0.37255
0.24899	0.68394	0.78684	0.70363	0.7254	0.78206	0.66563	0.61184
0.86056	0.22136	0.28761	-0.0084583	0.53593	0.46331	0.47277	0.3764
-0.74484	-0.47095	0.28609	0.36609	0.42248	0.35282	0.43363	0.29591
-0.11617	0.38129	0.52953	0.43374	0.413	0.30851	0.29084	0.28589
-0.43743	-0.56648	-0.70818	-0.23949	0.42936	0.33568	0.38195	0.31563
0.07136	-0.34138	-0.13491	-1.5687e-05	0.36031	0.31776	0.40847	0.36151
0.56124	0.87732	0.6497	0.61386	0.40855	0.5087	0.40113	0.3216
0.60843	0.757	0.69224	0.043646	0.29482	0.15393	0.085071	0.095937
0.82529	0.92682	0.78136	0.74405	0.77679	0.70466	0.63649	0.62686
0.68312	0.85822	0.66538	0.18881	0.42647	0.31877	0.25499	0.20778
-0.37859	-0.4982	0.2171	0.65195	0.34985	0.41377	0.40843	0.37401
0.25133	0.73542	0.37088	0.55373	0.41878	0.51313	0.41636	0.33902
0.21416	0.54979	0.59896	0.26954	0.2683	0.46761	0.50172	0.38724
-0.89035	-0.88033	0.61673	0.75949	0.76479	0.62371	0.57366	0.37905
-0.65567	0.39497	0.50834	0.42065	0.40438	0.38055	0.47823	0.40216
-0.21762	-0.083555	-0.14337	0.46321	0.26679	0.4983	0.51864	0.45081
0.26946	0.25706	-0.58027	-0.096641	-0.068924	0.073906	0.31413	0.21909
-0.72856	-0.55807	0.078656	0.28199	0.1245	0.52518	0.60937	0.5736
-0.0046681	0.2557	0.11177	-0.0968	0.15284	0.33483	0.32206	0.27501
0.40033	0.68636	0.48369	0.3653	0.073023	0.26085	0.34228	0.29573
0.65622	0.37233	0.23303	0.074664	0.22075	0.22539	0.41846	0.39556
0.89588	0.87944	0.71788	0.71379	0.75129	0.53639	0.50162	0.44582
0.75675	0.79831	0.88534	0.77023	0.71322	0.6318	0.56589	0.46239
-0.49194	0.45348	0.71596	0.61701	0.53731	0.46565	0.48665	0.44328
0.40622	0.074204	0.23347	0.57552	0.43627	0.52511	0.52881	0.47345
0.39369	0.52424	0.42472	0.18848	0.216	0.34249	0.37968	0.30326
0.66671	0.75887	-0.44974	0.13139	0.20472	0.23606	0.25273	0.2625
0.80309	0.74987	0.55579	0.25562	0.40178	0.48186	0.47163	0.40685
0.70432	0.53676	0.2641	-0.15224	0.076282	0.137	0.091749	0.1229
0.29268	0.76525	0.6949	0.70212	0.67313	0.49188	0.45198	0.38914
-0.74681	-0.69377	-0.33425	0.15937	0.2451	0.29473	0.34897	0.30795
-0.82577	-0.3823	0.58972	0.21809	0.38462	0.35376	0.42677	0.37851
0.84032	0.87394	0.85614	0.78034	0.74477	0.66693	0.57832	0.48969
-0.18107	0.17306	-0.60301	0.16783	0.14602	0.31594	0.39721	0.32558
0.11684	-0.23616	-0.66524	-0.27205	-0.26363	-0.10863	0.052484	0.085388
-0.76294	-0.77141	-0.021393	0.21182	0.5153	0.51518	0.50089	0.46071
0.84716	0.85771	0.86737	0.75461	0.68642	0.5772	0.41074	0.38284
0.20952	0.45513	0.42995	0.12849	-0.16031	0.21715	0.45955	0.36666
-0.15589	-0.01434	0.14642	0.23251	0.45081	0.55058	0.56401	0.42475
-0.64061	0.087305	0.18759	0.32149	0.13063	-0.055771	-0.044297	-0.036225
0.081881	0.73292	0.70625	0.75746	0.63197	0.44453	0.49147	0.43133
0.29512	0.56035	0.38678	0.48019	0.57704	0.50331	0.55004	0.42563
0.53197	0.51182	0.67259	0.43474	0.37868	0.52939	0.47971	0.4518
0.27057	0.52845	0.64272	0.7237	0.56317	0.58159	0.58918	0.52997
0.4028	0.3951	0.41253	0.52686	0.53395	0.47765	0.37509	0.28873
0.6683	0.74025	0.64427	0.43439	0.082062	0.19536	0.46976	0.40897
-0.72776	-0.70152	0.096964	0.019116	0.054001	0.36385	0.46523	0.43607
0.18151	0.63922	0.50785	0.39306	0.53494	0.55394	0.48139	0.41513
-0.51334	0.18026	0.31574	0.16499	-0.048352	0.036999	0.31234	0.32455
0.56846	-0.42523	0.48923	0.2463	0.22071	0.29721	0.35387	0.26984
0.71475	0.76216	0.71429	0.53435	0.48236	0.53733	0.56052	0.52105
-0.29296	-0.31952	-0.027905	0.31853	0.41759	0.43054	0.41865	0.35835
-0.40777	0.31519	0.29616	0.16837	0.21019	0.48921	0.46838	0.41999
0.099461	-0.1667	0.1911	0.55455	0.51489	0.66234	0.70804	0.55423
-0.22829	-0.24781	-0.26346	0.26956	0.49278	0.54373	0.50403	0.47325
0.67441	0.61464	0.75449	-0.15337	0.23427	0.54937	0.50731	0.40267
-0.81172	-0.84017	-0.21499	0.091532	0.44008	0.58773	0.58286	0.47441
-0.4927	-0.49788	-0.019803	0.42723	0.45161	0.59644	0.43643	0.3883
-0.2679	0.66376	0.81168	0.73436	0.5936	0.52832	0.47796	0.46045
-0.7412	0.076504	0.14246	0.17544	0.15943	0.22651	0.29891	0.22356
0.47347	0.46456	0.33394	0.52224	0.42939	0.48557	0.55773	0.44127
0.26336	0.59697	0.7859	0.8099	0.7053	0.72014	0.75235	0.67831
0.53534	0.63076	0.61418	0.6972	0.71191	0.55375	0.4566	0.41734
0.61818	0.73201	0.49967	0.38285	0.33878	0.38919	0.47431	0.444
0.3502	0.19331	-0.010358	0.57543	0.43022	0.58466	0.60206	0.49393
0.40452	0.57969	0.4259	0.52443	0.19342	0.41223	0.30818	0.26391
-0.17831	0.8301	0.79226	0.79977	0.75635	0.57974	0.54573	0.52061
0.67031	0.54823	0.59843	0.72778	0.55561	0.48564	0.42886	0.33546
-0.14181	-0.3156	-0.10866	0.1624	0.25258	0.56218	0.47913	0.39573
-0.62871	-0.47398	0.33383	0.020111	0.16308	0.31782	0.36963	0.28393
0.45112	0.88464	0.84906	0.77538	0.70623	0.58267	0.49948	0.47982
-0.85227	-0.95827	0.87419	0.767	0.20575	0.082226	0.084644	0.072274
-0.31943	0.034478	0.52554	0.81107	0.45944	0.5563	0.51719	0.41164
-0.041538	-0.65224	0.60229	0.34923	0.54619	0.76607	0.65841	0.51818
0.14436	0.58048	0.4111	-0.12768	0.2798	0.52277	0.50315	0.4217
-0.8637	-0.56526	-0.38768	0.34884	-0.30752	-0.33327	-0.28953	-0.10153
-0.72195	-0.21762	0.49092	0.47285	0.54553	0.55927	0.53729	0.45613
0.89648	0.78849	-0.087354	-0.23255	-0.20042	0.41859	0.42231	0.3806
0.62773	0.67945	0.7027	0.74165	0.55765	0.63461	0.55435	0.45089
-0.59455	-0.60413	-0.3625	0.3206	0.66245	0.57389	0.48985	0.39146
0.81094	0.95849	0.92018	0.85635	0.38998	0.34949	0.36471	0.33151
-0.19112	-0.10831	-0.21973	0.37447	0.22853	0.50423	0.42017	0.34031
-0.17494	0.75921	0.57378	0.29969	0.17492	0.3247	0.41692	0.37843
0.58466	0.67561	-0.040622	-0.1142	0.26875	0.33754	0.29392	0.26243
-0.52446	-0.34655	0.022993	0.39126	0.43249	0.39421	0.32917	0.30664
-0.69836	-0.53597	-0.16726	0.0054748	0.20238	0.23258	0.35919	0.22841
0.21346	0.59696	0.1125	0.085463	0.17748	0.23178	0.37027	0.26198
0.19306	0.46405	0.5846	0.27338	0.63129	0.53827	0.38484	0.27812
0.43936	0.81858	0.83902	0.75277	0.65799	0.64236	0.64581	0.54936
-0.78565	-0.86895	-0.47558	-0.022093	0.18765	0.38167	0.36114	0.26004
0.69443	0.73326	0.83764	0.60706	0.44867	0.31983	0.38932	0.34168
0.75005	0.883	0.7431	0.68835	0.5258	0.57878	0.61125	0.52189
0.60567	0.76973	0.79236	0.49395	0.19301	0.43654	0.37404	0.277
-0.17477	0.84017	0.85097	0.87609	0.60332	0.56524	0.63497	0.4858
-0.43157	-0.58649	-0.037721	0.67609	0.44629	0.37654	0.4416	0.37624
-0.39048	0.069659	0.64628	0.81088	0.47018	0.48157	0.34929	0.30081
0.60959	0.88211	0.66157	0.46977	0.33482	0.48692	0.49825	0.39966
-0.25206	-0.00023678	0.25237	0.40327	0.35776	0.22126	0.31897	0.30553
-0.27056	-0.57353	-0.39409	0.17313	0.26177	0.41237	0.34633	0.2894
0.32966	0.50003	0.46163	0.59852	0.40273	0.51383	0.54885	0.49613
0.8544	0.76769	0.45159	0.28651	-0.12189	0.25456	0.42034	0.41318
0.20091	0.438	0.14628	0.40825	0.48133	0.60302	0.7513	0.69815
0.58018	0.89148	0.71818	0.45134	0.36479	0.25872	0.22849	0.2221
0.61215	0.70152	0.33817	0.34895	0.58074	0.517	0.60344	0.51828
-0.53164	0.25697	0.67926	0.71084	0.61569	0.73676	0.67611	0.61578
0.28722	0.61585	0.53329	0.46058	0.32959	0.38599	0.45806	0.44287
0.72291	0.77445	0.79736	0.81037	0.81979	0.66607	0.69654	0.62506
0.8789	0.8257	0.81842	0.76061	0.45417	0.29288	0.3773	0.38497
0.83423	0.8916	0.9283	0.76607	0.5316	0.55533	0.49393	0.40978
-0.60975	-0.70564	0.10017	0.61099	0.50693	0.2697	0.25293	0.3138
0.29575	0.65502	0.75307	0.81866	0.80148	0.6709	0.5042	0.42241
0.4892	0.64102	0.65638	0.68927	0.35603	0.46398	0.41103	0.40875
0.38304	0.39057	0.26959	0.35315	0.2451	0.20012	0.21359	0.17081
-0.26324	0.50986	0.29633	0.73255	0.42606	0.30861	0.42293	0.39535
0.33477	0.26205	0.40082	0.42426	0.46565	0.44407	0.43545	0.37027
0.53124	0.32477	0.15937	0.47076	0.36932	0.52104	0.58616	0.47111
-0.24829	0.10532	0.18085	0.54405	0.54516	0.49084	0.60293	0.4904
-0.38017	-0.45738	-0.40688	-0.26729	-0.079416	0.5037	0.4744	0.39532
0.44156	-0.12991	0.046231	0.51368	0.45109	0.60671	0.582	0.50701
0.33324	0.73528	-0.099422	-0.14359	0.35215	0.57544	0.61716	0.4886
0.051006	0.24295	-0.035692	0.51185	0.61248	0.67437	0.65046	0.52384
0.69164	0.94217	0.93483	0.91858	0.70645	0.78026	0.72087	0.63531
0.13332	0.70063	0.4385	0.59941	0.62006	0.68688	0.71134	0.60116
0.92227	0.87709	0.77988	0.49941	0.53274	0.52406	0.61909	0.58666
-0.43325	-0.3982	-0.32469	0.58333	0.47815	0.42395	0.30441	0.24015
0.099517	0.66747	0.55541	0.80352	0.74546	0.70396	0.66385	0.60373
0.13336	0.050221	0.57349	0.55566	0.3017	0.39397	0.46566	0.40966
0.65035	0.96098	0.94331	0.90135	0.75017	0.5982	0.57746	0.49909
0.64018	-0.11403	0.1029	0.35089	0.30959	0.65442	0.60434	0.50881
-0.18239	-0.29549	0.7622	0.68185	0.5429	0.66578	0.59955	0.46376
0.43114	0.73295	0.219	0.2724	0.49645	0.51488	0.54029	0.44486
0.453	0.85912	0.56983	0.39414	0.30505	0.38392	0.43327	0.33586
0.9397	0.7805	0.67499	0.69489	0.32906	0.365	0.35376	0.32556
0.77376	0.64108	0.80416	0.92266	0.82077	0.60455	0.57149	0.51606
-0.93862	-0.88906	-0.63959	-0.22831	0.072001	0.40105	0.30667	0.22956
0.64063	0.95836	0.92817	0.91512	0.80309	0.63408	0.60913	0.49873
-0.020197	0.26376	0.67986	0.22781	0.097046	0.29789	0.31863	0.28133
-0.82514	-0.81363	-0.035251	0.33898	0.4175	0.44336	0.40767	0.33372
0.4982	-0.3608	0.18318	0.61068	0.64171	0.64837	0.64125	0.58466
0.38178	0.64869	0.75303	0.82578	0.74514	0.54019	0.42608	0.36316
0.56661	0.6625	0.81935	0.48823	0.53008	0.16896	0.19598	0.13651
-0.18794	-0.24382	-0.075268	0.76752	0.82393	0.70179	0.68318	0.65297
-0.51167	-0.76492	-0.018993	0.62852	0.42656	0.55326	0.4834	0.45865
0.061987	0.80122	0.91978	0.4142	0.50837	0.55252	0.55527	0.43174
-0.33112	0.75164	0.8011	0.78056	0.732	0.58188	0.57082	0.4517
-0.77473	-0.22688	0.22399	0.21932	0.52822	0.52317	0.61455	0.55468
0.66672	0.55708	0.37447	0.24301	0.46444	0.56028	0.59532	0.48299
0.36823	0.51549	0.85732	0.82514	0.73705	0.61505	0.51753	0.44491
-0.5571	-0.20106	-0.3303	0.023315	0.34353	0.42493	0.47418	0.43109
0.49452	0.44122	0.23732	-0.10312	0.084414	0.36217	0.54801	0.51281
-0.14298	0.49504	0.61463	0.80999	0.63617	0.69947	0.66832	0.52312
-0.73586	-0.6701	-0.38072	0.24293	0.54984	0.44943	0.52689	0.47615
0.06972	0.22517	0.46701	0.82901	0.78946	0.63943	0.63088	0.55121
0.79576	0.91168	0.78872	0.75633	0.69864	0.663	0.59623	0.45666
0.53219	0.63779	0.55233	0.63121	0.45247	0.44702	0.42318	0.37752
-0.78751	-0.78913	-0.23004	-0.32391	0.00037237	0.11687	0.14162	0.14861
-0.16327	0.39713	0.39801	0.073983	0.075592	0.13948	0.14437	0.11316
0.6493	0.70686	0.64448	0.71866	0.38106	0.38546	0.45754	0.43513
0.50111	0.79251	0.79968	0.93884	0.76704	0.47476	0.346	0.26237
0.76372	0.80388	0.59558	0.57784	0.57938	0.65246	0.60743	0.54177
-0.66029	-0.92077	-0.49738	0.19051	0.36603	0.53275	0.60612	0.48215
-0.67518	-0.53684	-0.55158	-0.22887	0.60109	0.55713	0.50819	0.3948
-0.43092	-0.83471	-0.50733	-0.10573	-0.059822	0.24747	0.37793	0.32053
0.28775	0.48944	0.48959	-0.10218	-0.025547	0.42538	0.35643	0.29929
-0.46956	0.083177	0.41822	0.62483	0.55248	0.41595	0.50848	0.41898
0.22141	0.07522	0.48553	0.65465	0.61289	0.54244	0.42717	0.37675
0.79115	0.62446	0.75746	0.70858	0.50924	0.30449	0.28057	0.23137
0.144	0.5286	0.73106	0.68925	0.68981	0.61445	0.45603	0.36448
0.61186	0.9321	0.90366	0.75833	0.74951	0.59186	0.57192	0.52046
-0.47449	-0.71225	0.55823	0.66305	0.63989	0.55651	0.52433	0.39276
0.27445	0.63878	0.6537	0.66962	0.52573	0.62884	0.60688	0.46144
-0.22333	0.67357	0.23673	0.23768	0.59727	0.55966	0.53958	0.48818
-0.11143	-0.32492	0.64785	0.70834	0.61699	0.61917	0.41583	0.38588
0.2333	0.4165	0.43168	0.85863	0.68874	0.51034	0.49112	0.37004
0.51673	0.6458	0.19082	0.16632	0.36078	0.41639	0.41969	0.31625
0.67343	0.38847	0.45907	0.75856	0.41792	0.5466	0.62962	0.56749
-0.22932	-0.73277	0.31803	0.082416	0.119	0.41588	0.57552	0.47898
-0.20372	0.04483	0.32661	0.49057	0.70633	0.64444	0.68098	0.56695
0.88151	0.81004	0.90788	0.86616	0.60682	0.43377	0.614	0.49832
-0.83118	-0.85791	-0.64685	-0.041215	0.10468	0.31838	0.37092	0.3027
-0.46894	-0.58953	0.54509	0.60376	0.741	0.6334	0.56592	0.45686
-0.66086	-0.91612	0.068675	0.30464	0.48934	0.53562	0.5917	0.49164
-0.9341	-0.92611	-0.90869	-0.74627	-0.46739	0.35013	0.4352	0.36596
0.82436	0.90244	0.64699	0.67465	0.54048	0.58187	0.61834	0.51332
-0.67045	-0.37265	-0.039238	0.074551	0.32181	0.32095	0.2708	0.24689
0.24858	0.30028	0.83222	0.65604	0.46678	0.38043	0.48314	0.41752
0.28159	0.24804	0.62934	0.87523	0.70848	0.62789	0.70938	0.70153
0.74138	0.65124	0.44086	0.042636	0.2781	0.21362	0.24374	0.22219
-0.17241	-0.60919	0.66806	0.56178	0.23196	0.22059	0.25417	0.29968
0.74915	0.8151	0.19815	0.031124	0.25072	0.34502	0.2712	0.17274
0.64825	0.81088	0.74681	0.67552	0.59635	0.57727	0.37133	0.31961
0.037351	0.83345	0.49095	0.39599	0.47504	0.52635	0.54191	0.50672
0.35791	0.72366	0.67435	0.68958	0.43078	0.40201	0.35	0.29475
0.51858	0.67964	0.74083	0.86513	0.49225	0.35305	0.41585	0.35161
0.69083	0.70025	0.7146	0.5888	0.35592	0.58756	0.5926	0.53298
0.7937	0.91	0.75421	0.60161	0.79576	0.70599	0.74317	0.67437
0.56172	0.2752	0.54437	0.63612	0.55478	0.63387	0.66333	0.61273
-0.5398	0.28973	0.075761	0.16163	0.18264	0.26369	0.29543	0.26588
0.15339	0.32446	0.4921	0.19633	0.39722	0.40278	0.40704	0.35681
-0.61656	-0.42005	-0.50029	0.051456	0.64887	0.49431	0.54001	0.5355
-0.8123	-0.57088	-0.29795	-0.2108	0.011331	0.39727	0.41482	0.4282
0.20996	0.6387	0.83833	0.85995	0.67436	0.62618	0.64369	0.5859
0.6703	0.68612	0.84494	0.68275	0.47303	0.35607	0.27939	0.22702
0.58998	0.78042	0.67585	0.54532	0.63671	0.64773	0.58439	0.46019
0.014611	0.60097	0.58048	0.6598	0.54295	0.59592	0.62915	0.56952
0.39988	0.41536	0.58809	0.62138	0.53203	0.57529	0.67375	0.60603
0.51724	0.71158	0.42111	0.12696	0.24042	0.40632	0.35598	0.33812
0.76703	0.84742	-0.18317	-0.26935	-0.18089	0.30778	0.48744	0.40523
0.49577	0.13307	0.59046	0.64175	0.66999	0.56793	0.47152	0.4149
-0.80248	-0.74187	-0.32439	-0.0041159	0.20142	0.4299	0.49242	0.40554
0.060032	-0.25355	-0.34707	-0.31124	0.1674	0.25894	0.37569	0.3726
-0.43808	-0.73305	0.39125	0.59498	0.8287	0.77595	0.70896	0.63083
-0.72014	-0.63226	-0.051497	-0.11894	-0.16745	0.06902	0.044927	0.076123
0.3571	0.6953	0.71069	0.49529	0.48824	0.6317	0.57216	0.47222
0.63072	0.6846	0.83357	0.71155	0.66232	0.57626	0.48436	0.36894
0.50624	-0.12026	0.10597	0.24862	0.41076	0.43792	0.42486	0.37605
0.44002	0.69334	0.76093	0.8029	0.73999	0.64393	0.48723	0.49436
-0.55761	-0.40211	0.14038	0.67145	0.49773	0.25593	0.24473	0.17551
0.086413	0.77376	0.55977	0.66695	0.67698	0.7223	0.74451	0.62901
-0.71014	-0.77131	-0.60697	-0.27908	0.30749	0.48097	0.50423	0.45457
0.71657	0.85704	0.87052	0.58607	0.64659	0.59861	0.56986	0.50709
0.66487	0.87639	0.89526	0.62136	0.45277	0.55196	0.63397	0.56576
0.43512	0.74337	0.76686	0.77277	0.85158	0.75498	0.7102	0.67294
0.57651	0.84362	0.88244	0.47959	0.49163	0.54662	0.51468	0.45687
-0.53848	-0.53768	0.27264	0.27138	0.22003	0.53453	0.48477	0.43728
0.33548	0.79955	0.64708	0.47155	0.10857	0.39351	0.45471	0.40391
-0.019285	0.68821	-0.19802	0.002851	0.19046	0.45212	0.49417	0.44055
-0.51112	-0.35185	-0.083666	0.097263	0.21461	0.2954	0.3905	0.30934
0.43474	-0.11738	0.21474	0.28924	0.42951	0.55078	0.47777	0.4531
0.76042	0.4732	-0.097935	0.085592	0.42996	0.53306	0.58194	0.48945
-0.79322	-0.78814	0.11161	0.62685	0.53422	0.59994	0.43531	0.35899
0.5898	0.65893	0.45164	0.59435	0.44447	0.42501	0.41242	0.38155
0.46594	0.4085	0.64447	0.36502	0.24188	0.2798	0.44658	0.43836
0.66411	0.92654	0.92006	0.86933	0.6387	0.58671	0.553	0.43397
0.57916	-0.016165	0.2874	0.34732	0.43581	0.40898	0.36281	0.33904
-0.026154	0.54844	0.23946	0.78402	0.71022	0.71488	0.66447	0.54335
0.49058	0.62429	0.80662	0.8063	0.70104	0.66692	0.5351	0.4825
0.42496	0.22094	0.2608	0.68306	0.6847	0.62432	0.60568	0.51375
0.63221	0.78556	0.81615	0.27616	0.43196	0.31004	0.33497	0.21916
0.39115	0.80663	0.87646	0.78788	0.61944	0.82458	0.75506	0.6404
-0.56135	-0.23421	0.64104	0.47222	0.54877	0.3983	0.41054	0.38251
0.70654	0.80625	0.67783	0.36473	0.48498	0.53665	0.60338	0.58947
0.74167	0.59182	0.7319	0.79296	0.72052	0.68372	0.73276	0.60594
0.57987	0.77058	0.68283	0.54136	0.53259	0.46843	0.44175	0.38364
0.6467	0.76179	0.036681	0.1821	0.32292	0.45459	0.48406	0.38667
-0.74285	-0.76305	-0.28812	-0.43354	0.071103	0.4216	0.50516	0.41276
0.25268	0.37547	0.44203	0.62133	0.66318	0.55002	0.51562	0.45612
0.73241	0.62921	0.74555	0.8149	0.63729	0.68898	0.71473	0.67164
0.25437	0.50257	0.70902	0.49184	0.46092	0.45306	0.48934	0.45903
-0.49939	-0.47285	-0.1635	0.036738	0.35868	0.39829	0.41111	0.36038
-0.45988	-0.33356	0.0068014	0.54485	0.52964	0.59022	0.66285	0.57396
0.52881	0.64915	0.71664	0.66307	0.64562	0.59995	0.55922	0.47079
0.58661	0.68473	0.69145	0.15626	0.11469	0.27894	0.3137	0.27366
0.075286	0.49369	0.47301	0.22608	0.45025	0.45872	0.55902	0.46161
-0.32491	0.25788	0.14376	0.35157	0.47529	0.56374	0.35035	0.30197
0.26923	0.36039	0.76654	0.43118	-0.045179	0.26633	0.22364	0.19572
-0.46022	-0.8182	-0.70992	0.051422	0.15795	0.11374	0.27624	0.2525
-0.27055	-0.7506	-0.73423	-0.12047	0.19116	0.28896	0.34599	0.30318
0.13021	0.40774	-0.11499	-0.09967	0.23748	0.3878	0.44857	0.38077
0.048365	0.26338	0.28291	0.58753	0.39249	0.29696	0.31235	0.28914
0.31807	0.11969	0.086496	0.64584	0.67408	0.57967	0.45197	0.35509
0.02207	0.63333	0.71998	0.89028	0.76219	0.46358	0.37641	0.31487
0.61577	0.62207	0.4053	0.00065999	0.47318	0.44506	0.35827	0.25361
0.29667	0.50567	-0.1111	0.21677	0.087721	0.17252	0.25769	0.18066
0.29049	0.12956	0.088054	0.010167	0.10542	0.4143	0.46519	0.39074
0.45081	0.55138	0.47573	0.67597	0.52167	0.33883	0.37523	0.34716
0.8017	0.79148	0.82283	0.81466	0.57186	0.38587	0.25328	0.14203
-0.28278	-0.15798	0.54163	0.17577	0.24054	0.39972	0.30688	0.30235
0.75386	0.68582	0.36938	0.14588	0.35127	0.30097	0.46095	0.41676
0.68546	0.75212	0.56266	0.34558	0.32616	0.31141	0.26164	0.23293
-0.29178	0.28022	0.73779	0.49941	0.61018	0.68364	0.54726	0.45716
0.079295	0.51215	0.7135	0.74617	0.48925	0.37191	0.32837	0.29382
0.091027	0.6902	0.83713	0.76312	0.56641	0.60594	0.61522	0.49231
0.66059	0.76522	0.80079	0.53865	0.4465	0.64064	0.6439	0.57263
0.27111	0.2543	0.38628	0.56504	0.22242	0.22296	0.30297	0.24563
-0.55539	0.43471	0.56391	0.66831	0.59226	0.53966	0.56012	0.52742
-0.13132	0.59476	0.63024	0.82963	0.45464	0.42714	0.28621	0.25061
0.83304	0.85774	0.84252	0.88228	0.85853	0.7741	0.71255	0.58589
0.22558	-0.5272	-0.27873	-0.0050106	0.17418	0.33696	0.2989	0.25092
0.80393	0.61952	0.43323	0.32625	0.23074	0.45969	0.47567	0.37229
0.50533	-0.33367	-0.3365	0.12253	0.29882	0.54721	0.56859	0.46756
-0.29995	-0.89752	-0.51773	0.45701	0.66776	0.67824	0.63346	0.53789
0.62236	0.359	0.32492	0.4047	0.37357	0.51359	0.52845	0.46242
-0.38126	-0.29842	-0.014401	0.004511	0.25938	0.24046	0.43265	0.41016
0.36915	0.39727	0.65503	0.21931	0.39727	0.44264	0.37616	0.32417
0.89983	0.91228	0.80308	0.32671	0.45992	0.52659	0.4333	0.36451
0.43038	-0.53614	-0.048428	0.21278	0.47601	0.39946	0.49162	0.42529
-0.26787	0.58016	0.82709	0.67614	0.62041	0.66365	0.70046	0.60164
0.53139	0.61584	0.12104	0.46658	0.48116	0.36248	0.41157	0.32015
-0.5368	-0.14498	-0.071505	0.60805	0.68298	0.57835	0.46158	0.36303
0.35481	0.46668	0.79522	0.84332	0.65535	0.69261	0.6414	0.4939
-0.54141	0.64894	0.63122	0.77529	0.70984	0.65615	0.56754	0.45205
0.54503	-0.63939	0.087536	0.4325	0.51922	0.44663	0.25072	0.23162
-0.83839	-0.40777	-0.58929	0.049162	0.17304	0.3697	0.43652	0.38386
-0.039377	0.37912	-0.73104	-0.12015	0.35422	0.30319	0.26365	0.2129
0.46817	0.72616	0.84885	0.86584	0.78604	0.49522	0.48596	0.37991
0.16079	0.73836	0.6378	0.33739	0.47665	0.50658	0.51485	0.46316
0.57627	-0.14563	0.62592	0.51408	0.69919	0.56369	0.66603	0.66116
0.81211	0.74965	0.88016	0.68618	0.58913	0.4988	0.53549	0.42442
-0.71174	-0.59788	0.87777	0.80247	0.69417	0.40292	0.33951	0.30307
-0.55475	0.50772	0.36154	0.6396	0.77758	0.79016	0.6239	0.50271
0.068943	0.58636	0.2139	0.26388	0.59255	0.52632	0.48587	0.45375
-0.054996	0.8558	0.85144	0.89314	0.64396	0.72774	0.71399	0.6579
0.79117	0.79262	0.70023	0.54885	0.37718	0.51542	0.49799	0.43302
-0.51385	-0.33319	0.50334	0.56816	0.50155	0.57307	0.60937	0.53977
0.75424	0.62654	0.42112	0.070709	0.29219	0.26238	0.33169	0.32273
0.4101	0.81712	0.87559	0.6783	0.60454	0.48837	0.60888	0.55473
0.62027	0.89963	0.88471	0.73848	0.010362	0.29972	0.34536	0.28192
0.6642	0.74894	0.81231	0.78456	0.47418	0.34161	0.39508	0.32016
0.22878	0.69345	0.87631	0.63804	0.31644	0.39615	0.30897	0.21213
0.52332	0.81422	0.069822	0.43425	0.30456	0.38242	0.33357	0.26815
0.80652	0.89555	0.68166	0.58348	0.35027	0.72673	0.64772	0.49514
-0.0051766	-0.007873	0.62547	0.745	0.7596	0.5985	0.59836	0.52161
-0.55322	-0.39249	0.21019	0.28377	0.47824	0.49503	0.44075	0.39493
0.51185	0.47126	-0.082062	-0.030919	0.016475	0.13367	0.33856	0.31905
0.62774	0.91855	0.85663	0.87881	0.85058	0.67888	0.72889	0.6077
0.33981	-0.18041	-0.17519	-0.29084	-0.014687	0.13972	0.13754	0.15144
-0.88647	-0.85248	-0.43395	0.21483	0.59328	0.65109	0.64426	0.57476
-0.89941	0.37282	0.73222	0.50175	0.38046	0.29239	0.3845	0.30935
-0.46355	-0.075242	-0.0048344	0.31618	0.37993	0.45585	0.40375	0.33982
0.72018	0.75933	0.66822	0.69128	0.48061	0.59769	0.47286	0.36002
-0.29092	0.65555	0.68154	0.63871	0.55331	0.61276	0.59568	0.51572
0.78627	0.86024	0.9032	0.81861	0.71956	0.59344	0.54616	0.46463
0.66895	0.66181	0.59653	0.62959	0.52058	0.6124	0.47459	0.43383
-0.29893	0.43391	0.6302	0.87405	0.84644	0.78938	0.71617	0.53738
0.023391	0.7214	0.47027	0.41232	0.43292	0.53081	0.51148	0.45805
-0.42172	0.45102	0.58127	0.69798	0.39469	0.41427	0.51207	0.45208
0.050078	-0.54447	-0.6123	-0.57166	-0.16025	-0.049958	-0.045724	0.038727
-0.50461	0.016801	0.24793	0.48653	0.57777	0.4514	0.28482	0.20671
0.54159	0.72844	-0.01556	0.49823	0.52243	0.59482	0.59163	0.51277
0.28833	0.39817	0.32208	-0.0040772	0.37539	0.5202	0.55435	0.45041
0.78577	0.79119	0.8789	0.66687	0.5603	0.5821	0.5934	0.53328
0.61399	0.69601	-0.078258	0.61988	0.67771	0.78303	0.75213	0.64799
0.15324	0.86057	0.89523	0.56866	0.39462	0.42239	0.37328	0.33325
-0.67814	-0.65082	-0.26201	0.31235	0.2918	0.57285	0.53815	0.50727
-0.55146	0.36483	-0.00091992	0.055827	0.30187	0.65061	0.68566	0.62575
-0.47566	-0.069742	-0.025252	0.44569	0.41124	0.51942	0.57808	0.48992
0.14874	0.52227	0.60723	0.13575	0.18661	0.11568	0.20868	0.15276
0.14869	0.73132	0.89381	0.76905	0.56217	0.54281	0.54815	0.51974
0.36719	0.58472	0.43735	0.76381	0.57216	0.58924	0.61595	0.53942
-0.6141	-0.32792	-0.57442	-0.042586	0.10298	0.23612	0.31367	0.2662
0.59728	0.25964	-0.058063	-0.20325	0.059135	-0.015337	0.092689	0.059886
-0.047043	0.75808	0.67357	0.44635	0.40908	0.43753	0.42915	0.38657
0.74402	0.91118	0.93165	0.89799	0.5918	0.43385	0.533	0.45211
-0.57593	0.028327	0.21381	0.75022	0.71888	0.75001	0.75022	0.65629
-0.41284	-0.31472	0.24212	0.67585	0.53869	0.40958	0.40837	0.36911
0.14201	-0.49156	-0.21037	0.12999	0.37834	0.50249	0.41893	0.37731
0.62344	0.8914	0.84212	0.71596	0.56422	0.69637	0.76495	0.65186
0.70832	0.92663	0.8728	0.6331	0.48561	0.55661	0.50277	0.4314
0.80575	0.65042	0.5432	0.51419	0.4331	0.51641	0.56732	0.44663
0.21901	-0.44435	-0.12269	0.27264	0.33966	0.70574	0.77015	0.66245
-0.18858	-0.64531	-0.91024	-0.62556	0.018281	0.38822	0.42294	0.35032
0.054156	0.76102	0.84875	0.71302	0.71914	0.74215	0.70024	0.58776
0.16245	0.66171	0.19381	0.31898	0.4956	0.50681	0.40893	0.36191
0.1115	0.21678	-0.043932	-0.17018	0.18751	0.49475	0.59965	0.52745
-0.86326	-0.7595	-0.46981	-0.29313	0.034469	0.19438	0.26636	0.26002
0.73381	0.74916	0.64674	0.44291	0.48304	0.42762	0.42075	0.34898
0.42063	0.6732	0.75879	0.80549	0.49151	0.56712	0.40695	0.37255
0.83208	0.73223	0.46662	0.57897	0.60389	0.53327	0.54944	0.48483
0.8304	0.65856	0.5595	0.59046	0.51152	0.63677	0.78151	0.58199
0.071023	0.78358	0.78187	0.25242	-0.024535	0.38808	0.45098	0.4511
0.55633	0.7211	0.88445	0.5212	0.55595	0.48842	0.55385	0.45006
0.35429	0.52438	0.80043	0.77979	0.76974	0.65104	0.68205	0.56589
-0.010411	0.10081	0.23195	0.15239	0.34984	0.47385	0.50344	0.46205
-0.2164	-0.2269	0.15179	-0.070798	0.18522	0.31185	0.33952	0.24743
-0.12513	0.22781	0.72276	0.68611	0.47409	0.50386	0.59129	0.52042
0.65417	0.88027	0.85281	0.69678	0.56135	0.50785	0.43793	0.36321
0.86603	0.96081	0.81503	0.084226	0.030678	0.079018	0.086515	0.076083
0.87772	0.95756	0.76305	0.60543	0.50469	0.41125	0.50655	0.38282
-0.15019	0.5527	0.28405	0.42794	0.45494	0.33849	0.41708	0.39824
0.26128	0.6938	-0.37347	0.26039	0.47628	0.51701	0.48899	0.39922
-0.09926	0.17589	0.39326	0.26911	0.23488	0.26662	0.30367	0.28701
-0.59408	-0.78607	-0.81646	-0.19402	0.10238	0.31542	0.30322	0.2838
0.89454	0.91561	0.72563	0.58532	0.38546	0.30699	0.29863	0.29191
0.76396	-0.13092	0.011528	0.36574	0.57589	0.51757	0.48735	0.40947
0.5408	0.51711	0.61557	0.72791	0.53006	0.60882	0.67585	0.63565
0.44527	0.53495	-0.70921	-0.14311	0.37718	0.53416	0.5913	0.48458
-0.62244	-0.7614	-0.60488	-0.21364	0.10128	0.36727	0.44569	0.37352
0.64304	0.69129	0.636	0.61001	0.62822	0.64897	0.56335	0.45046
0.5212	0.12746	-0.52482	-0.21204	0.0085779	0.27896	0.23034	0.19958
0.067342	0.26759	-0.055951	0.30001	0.17611	0.21585	0.28272	0.27156
0.29229	0.69791	0.74035	0.84603	0.42011	0.51253	0.5597	0.54212
0.11618	0.22602	-0.066675	-0.21099	0.032091	0.29007	0.35932	0.25568
0.8426	0.88606	0.83629	0.82829	0.79119	0.60875	0.59589	0.54344
-0.39118	-0.58066	0.72462	0.67832	0.42191	0.28328	0.29238	0.27958
0.35919	0.6069	0.74576	0.68033	0.50913	0.4582	0.40585	0.30792
-0.15552	0.026866	0.18751	0.65069	0.30433	0.24629	0.1962	0.18066
-0.3833	-0.40538	-0.35529	-0.30562	-0.074289	0.18117	0.38313	0.26318
0.92077	0.89342	0.88828	0.9001	0.59999	0.36035	0.42575	0.36674
0.68759	0.87974	0.71407	0.43761	0.14198	0.17459	0.22642	0.19101
-0.74	-0.31725	-0.028971	0.28166	0.52587	0.40883	0.41915	0.32748
0.65286	0.86387	0.91271	0.81051	0.7988	0.73694	0.72427	0.65091
0.81566	0.82711	0.69173	0.4671	0.46425	0.53945	0.48222	0.38448
-0.34176	0.28211	-0.076866	0.26501	0.31462	0.48662	0.47199	0.34751
-0.52048	-0.029174	-0.48029	0.10572	0.26661	0.45532	0.36309	0.2543
-0.47668	-0.49965	-0.31678	-0.30272	0.21467	0.50648	0.56156	0.48761
0.61588	0.83028	0.89264	0.80688	0.53942	0.5188	0.50601	0.46042
0.87706	0.94431	0.9493	0.5236	0.49149	0.5439	0.59373	0.49855
0.54136	0.76404	0.73738	0.70719	0.22205	0.51005	0.46815	0.41258
-0.56403	0.46122	0.40603	0.26075	0.18351	0.24751	0.28331	0.26586
0.092715	0.36474	0.17139	0.091672	0.41628	0.53995	0.49066	0.36529
-0.74649	-0.044822	0.72382	0.49324	0.47998	0.57117	0.66976	0.57244
-0.6992	-0.1387	0.69506	0.77374	0.63826	0.57562	0.46924	0.41883
-0.69525	0.27032	-0.5213	0.057465	-0.092047	0.18487	0.31935	0.33568
-0.085043	0.41131	0.5363	0.59864	0.57082	0.38509	0.40898	0.36352
-0.36611	-0.034669	-0.19564	-0.16763	0.12919	0.51072	0.60201	0.51683
0.61641	0.73386	0.3499	0.36069	0.46305	0.61314	0.64565	0.61835
-0.33247	-0.52715	-0.58898	-0.66024	-0.37244	-0.07772	0.123	0.084259
0.40266	0.36082	0.25706	0.50698	0.45497	0.58336	0.49472	0.40419
0.16549	-0.0080263	-0.48316	0.29273	0.3799	0.38164	0.38326	0.38022
0.74875	0.89289	0.86932	0.82817	0.63186	0.63467	0.70091	0.66723
-0.26004	0.55721	0.47463	0.74091	0.59613	0.59301	0.59163	0.48249
-0.48804	-0.13873	0.12185	0.24084	0.29561	0.33566	0.38496	0.34149
0.10998	0.48837	0.52751	0.30179	0.47918	0.4768	0.46117	0.36008
0.88085	0.91874	0.67743	0.80496	0.63434	0.60396	0.56717	0.39854
0.36164	0.52608	0.37166	0.3656	0.45463	0.49472	0.61993	0.58258
0.59191	0.35157	-0.16006	-0.20863	0.08282	0.13937	0.24302	0.18323
-0.20445	0.31237	0.44986	0.2448	0.14013	0.20733	0.29276	0.22693
0.68858	0.76523	0.54878	0.22387	0.31336	0.41506	0.34778	0.29467
0.72291	0.61178	0.31451	0.2712	0.46684	0.76085	0.75886	0.62858
0.55161	0.71753	0.83388	0.76353	0.75069	0.64877	0.49317	0.45703
-0.68316	-0.84658	-0.81073	-0.3888	0.098276	0.2858	0.38763	0.3018
0.83447	0.92542	0.88836	0.72541	0.70575	0.59847	0.70249	0.64075
0.75951	0.91922	0.91062	0.7771	0.35715	0.35347	0.37285	0.39745
0.5525	0.75059	0.70502	0.88577	0.54594	0.40512	0.37878	0.32086
-0.6263	-0.32103	-0.075246	-0.08192	0.30073	0.47252	0.5253	0.41164
0.13029	-0.054716	-0.15583	0.42746	0.45281	0.47344	0.45069	0.36128
0.6236	0.9303	0.82548	0.66292	0.69049	0.5105	0.46513	0.39466
0.41589	-0.01822	0.32231	0.52895	0.42088	0.69142	0.68305	0.58083
0.8427	0.9366	0.89748	0.72948	0.57291	0.56477	0.55522	0.50397
-0.21326	-0.65895	-0.34295	0.11779	-0.027786	-0.027042	0.23883	0.19481
0.78209	0.88888	0.83945	0.62038	0.50015	0.38733	0.42627	0.409
-0.31983	0.10105	0.41822	0.74367	0.66885	0.63373	0.67378	0.6077
-0.73196	0.26662	0.085604	-0.29694	-0.15706	0.083524	0.33022	0.26778
0.90805	0.88442	0.85668	0.80381	0.59472	0.63917	0.65225	0.55494
-0.081764	0.35645	0.058712	0.18716	0.20726	0.22205	0.33009	0.30151
0.41802	0.40579	0.85136	0.71213	0.65443	0.61572	0.59648	0.5513
0.36652	0.13941	-0.16109	0.032888	0.24668	0.28101	0.26713	0.24131
-0.20669	-0.62365	0.26345	0.46166	0.80248	0.64017	0.58084	0.45528
0.51934	0.40356	0.72483	0.71234	0.50968	0.56746	0.45566	0.35706
0.23436	-0.035017	0.22087	0.69057	0.44966	0.49173	0.41677	0.40935
0.3346	0.74611	0.64936	0.82692	0.68287	0.58173	0.57431	0.54757
-0.12771	-0.32106	0.060796	0.49738	0.56964	0.58235	0.52741	0.43499
-0.66727	0.48492	0.38581	0.55527	0.41335	0.4443	0.42535	0.38175
-0.39017	-0.48257	-0.6378	0.3173	0.33681	0.57894	0.58858	0.49263
0.62606	0.47703	0.56934	0.61594	0.5469	0.39993	0.38092	0.32965
-0.85303	0.41488	-0.051666	0.17921	0.26452	0.54584	0.53753	0.45618
-0.047972	0.47644	0.63354	0.51903	0.45345	0.40379	0.32792	0.26262
0.73298	0.83366	0.66368	0.64157	0.46004	0.41761	0.53027	0.44597
-0.53347	-0.73646	-0.13874	0.039695	0.41992	0.37951	0.2695	0.22536
0.4113	0.46292	0.18896	-0.43544	-0.30159	-0.039442	0.14437	0.13153
-0.79598	-0.81269	-0.38387	-0.26619	0.19538	0.51259	0.52305	0.4099
-0.8645	-0.82649	-0.7994	-0.22096	-0.014133	0.28701	0.44177	0.37208
-0.73503	0.15329	-0.35173	0.53753	0.496	0.37842	0.47647	0.37134
0.72393	0.502	0.15532	-0.14881	0.17444	0.43234	0.47235	0.40554
0.81633	0.79416	0.68922	0.13213	0.40642	0.46535	0.56575	0.47587
-0.55572	-0.50475	-0.45101	0.05097	0.083173	0.47025	0.51516	0.43709
-0.82652	-0.70912	-0.61823	0.22584	0.17457	0.032846	0.14264	0.21705
-0.13142	0.1315	0.27006	0.72843	0.55824	0.48521	0.4394	0.36228
-0.095881	0.45283	0.5441	0.24097	0.061751	0.47615	0.52866	0.48636
0.71371	0.18688	-0.14216	-0.0067514	-0.0090806	0.083458	0.19421	0.20105
-0.2167	-0.37842	0.52852	0.34347	0.36664	0.5848	0.51985	0.50055
0.53502	0.36341	0.49089	0.39641	0.44058	0.22413	0.23782	0.19397
0.70004	0.84021	0.90907	0.21354	-0.11551	-0.17882	-0.077699	-0.068607
0.69035	0.81932	0.82991	0.80529	0.47697	0.64213	0.55965	0.41834
-0.17281	-0.46058	-0.16603	-0.10625	0.64822	0.50552	0.52194	0.41775
0.2726	0.70706	0.16949	0.50338	-0.053009	0.18764	0.26093	0.21122
0.78094	0.86869	0.91213	0.71999	0.64606	0.73984	0.66134	0.48143
0.28171	0.22783	0.36831	0.67049	0.6624	0.57018	0.41633	0.38415
-0.3066	0.091999	-0.23707	0.14831	0.33606	0.43141	0.44576	0.38523
0.87338	0.93219	-0.38893	-0.62321	-0.088271	0.33151	0.3932	0.36067
0.64217	0.76592	0.031453	-0.0046164	0.040839	0.15716	0.27309	0.28723
-0.91247	-0.1748	0.68469	0.58213	0.45281	0.52629	0.58914	0.55742
0.21259	0.19892	0.55109	0.050772	0.33436	0.43195	0.50693	0.50528
0.68478	0.7278	0.83027	0.27814	0.27204	0.22925	0.22453	0.2485
-0.079762	0.62535	0.64932	0.46492	0.51162	0.60678	0.59576	0.4285
-0.20228	0.5225	0.49738	0.84635	0.43157	0.46867	0.51317	0.42646
0.66736	0.66199	0.76709	0.51653	0.58367	0.58706	0.58615	0.48696
0.47812	0.48903	0.59353	0.058513	0.5811	0.49517	0.50618	0.40855
0.90071	0.94649	0.85696	0.60609	0.60762	0.77866	0.69721	0.56346
0.015307	0.41926	0.62892	0.48419	0.47357	0.42091	0.41228	0.32182
0.7256	0.92649	0.90893	0.79729	0.66203	0.63906	0.57544	0.45819
0.41547	0.41828	0.31248	0.48606	0.54515	0.48467	0.52914	0.39824
-0.48612	-0.074187	0.19678	0.082231	0.18613	0.31139	0.37849	0.32209
0.46353	0.65151	0.76448	0.67772	0.54547	0.54515	0.52565	0.39646
0.49838	0.92502	0.9488	0.89355	-0.022766	-0.020624	0.1198	0.13251
-0.78717	0.63821	-0.042227	-0.28768	-0.21079	0.096868	0.39514	0.34609
0.56897	0.68093	0.46044	0.36506	0.35636	0.33509	0.49978	0.39045
0.39507	0.64763	0.54354	0.87044	0.63024	0.60379	0.5532	0.45863
0.66577	0.4367	0.53301	0.68074	0.63114	0.59759	0.59638	0.58682
-0.11036	-0.02693	0.47481	0.35268	0.31634	0.44224	0.40949	0.39114
0.40194	0.62225	0.84616	0.6557	0.34359	0.4706	0.49964	0.39408
0.50106	0.21434	0.4804	0.45457	0.58684	0.69646	0.64016	0.46777
0.66611	0.017035	0.077158	0.42988	0.36595	0.22154	0.16748	0.14464
-0.1862	-0.77136	0.37626	0.74213	0.88088	0.82721	0.77749	0.70995
0.86426	0.84122	0.73486	0.32565	0.40459	0.40311	0.35279	0.28179
-0.80151	-0.35476	-0.017874	-0.078671	0.22044	0.31092	0.34424	0.27562
0.71875	0.8455	0.62287	0.2972	-0.35046	-0.03717	0.29419	0.26623
-0.19012	-0.55104	0.052055	0.20284	0.26052	0.25854	0.33373	0.26544
0.87668	0.80097	0.67681	0.9178	0.46397	0.38704	0.34672	0.34062
0.8449	0.67619	0.5675	0.75842	0.5999	0.57716	0.65636	0.48809
-0.24175	0.19511	0.47298	0.35929	0.14351	0.26771	0.18236	0.12902
-0.63785	-0.68195	-0.6249	-0.65804	-0.35431	0.071956	0.017009	0.062121
-0.16326	0.22697	0.73302	0.78567	0.64699	0.61214	0.61193	0.61419
-0.70315	-0.72514	0.19592	0.30902	0.14744	0.16013	0.2019	0.19701
-0.39195	-0.41555	-0.32079	0.028247	0.066094	0.45351	0.49287	0.41647
-0.45202	-0.72994	-0.35308	-0.42705	0.26297	0.54867	0.66017	0.59051
-0.37034	-0.41246	0.78285	0.87151	0.88661	0.79995	0.79911	0.68102
0.89099	0.46952	0.22062	0.56459	0.31148	0.69695	0.67747	0.58168
0.69453	0.7256	0.042307	0.16648	0.097239	0.28002	0.47456	0.41164
0.095894	0.64305	0.80777	0.63179	0.5613	0.71524	0.70663	0.63127
0.12047	-0.41515	0.53572	0.55378	0.59282	0.62265	0.56511	0.53683
0.48411	0.59591	0.7438	0.25966	0.1302	0.1955	0.24779	0.20941
-0.27007	-0.7108	-0.12224	-0.13935	0.074018	0.1533	0.23942	0.26302
-0.66718	-0.64996	0.53801	0.521	0.39561	0.54816	0.47408	0.3987
0.80374	0.83781	0.71	0.79722	0.70305	0.56659	0.57163	0.4843
0.48824	0.27775	0.82774	0.65672	0.61814	0.53891	0.53418	0.43555
0.65423	0.78952	0.90398	0.8031	0.723	0.54424	0.46924	0.40755
0.025168	0.57351	0.63204	0.24106	0.53349	0.46164	0.30094	0.28528
-0.40897	-0.6069	-0.61767	-0.11125	0.41084	0.5478	0.57161	0.53737
-0.27422	0.60364	0.6498	0.59709	0.64573	0.67198	0.57204	0.48974
0.80126	0.90058	0.87433	0.6854	0.51695	0.5034	0.51725	0.4835
-0.72734	0.86018	0.42542	0.41582	0.34118	0.3164	0.32849	0.27174
0.30298	0.028818	0.02118	0.68025	0.57071	0.58419	0.48863	0.37986
0.46659	0.81238	0.50799	0.17802	0.12659	0.29279	0.42449	0.37903
0.38092	-0.38195	-0.066451	0.46404	0.40202	0.5458	0.60808	0.48898
0.47434	0.6188	0.58043	0.58977	0.14387	0.16413	0.19149	0.20542
0.66817	0.56784	0.11629	0.43246	0.43245	0.48895	0.47115	0.43876
-0.37207	-0.41127	0.3001	0.69325	0.55526	0.4326	0.46229	0.38901
0.67533	0.62719	0.82296	0.6181	0.49436	0.49673	0.60041	0.58807
-0.17699	-0.6241	-0.14379	0.23758	0.25156	0.13151	0.17064	0.16155
0.26133	0.13327	0.37084	0.54952	0.55876	0.52524	0.54023	0.54076
-0.49771	-0.80588	-0.28226	-0.21052	0.16597	0.29672	0.40093	0.35017
0.8701	0.70503	0.77769	0.61209	0.39086	0.39928	0.36269	0.32597
0.65242	0.65863	0.90646	0.85943	0.84969	0.74952	0.72885	0.59719
0.55539	0.62091	0.73639	0.80155	0.7608	0.67489	0.49833	0.51415
-0.088804	0.35594	0.62267	0.5105	0.157	0.25329	0.4431	0.34942
0.2803	0.62437	0.54154	0.45652	0.264	0.22431	0.35638	0.30295
0.73137	0.66433	0.38995	0.15938	0.11597	0.28395	0.44803	0.43721
0.41556	0.26951	0.39039	0.66245	0.51852	0.34894	0.26932	0.23431
0.33414	-0.25919	-0.51595	-0.20214	0.0049156	0.3307	0.21116	0.19212
0.88808	0.86572	0.74767	0.73258	0.676	0.54523	0.52683	0.48671
0.53122	0.82639	0.72965	0.79298	0.73636	0.59409	0.5376	0.52522
0.8512	-0.28205	0.48187	0.21397	0.41638	0.49049	0.45541	0.42477
0.045501	0.63212	0.83799	0.84982	0.5291	0.5456	0.54875	0.42546
0.8634	0.72514	0.73175	0.77345	0.684	0.66997	0.65743	0.56383
-0.87936	-0.89181	-0.86468	-0.61776	-0.084529	0.25936	0.26738	0.23857
0.90181	0.85102	0.90714	0.86686	0.65932	0.61573	0.48271	0.38067
-0.17268	-0.64645	-0.30314	0.19976	0.39529	0.63998	0.6145	0.57265
0.20074	0.56569	0.53989	0.58704	0.60401	0.48762	0.5009	0.44837
0.38695	0.26541	0.44407	0.3448	0.25076	0.37767	0.32727	0.2741
-0.80018	0.40426	0.43423	0.66636	0.51777	0.48417	0.43931	0.41062
-0.4325	0.18016	0.29278	0.2185	0.45007	0.39325	0.36215	0.258
0.87504	0.74932	0.86593	0.50563	0.66755	0.60518	0.49105	0.34647
-0.57162	-0.68887	0.45349	0.68423	0.57702	0.5274	0.51683	0.49398
0.70789	0.86048	0.83344	0.56925	0.59479	0.71442	0.62531	0.47549
0.38543	0.93714	0.75309	0.69145	0.75153	0.65832	0.59721	0.55831
0.52226	0.88153	0.85232	0.78799	0.66646	0.65147	0.59139	0.47943
0.83885	0.83409	0.0015476	0.53524	0.43641	0.74719	0.70497	0.57366
0.10793	0.68951	0.33652	0.26387	0.14557	0.37817	0.40093	0.37248
0.67593	0.86694	0.72791	0.75361	0.64554	0.58671	0.39178	0.29056
-0.22327	0.43461	0.79437	0.36291	0.49881	0.49894	0.61094	0.55312
0.85354	0.92239	0.87833	0.81193	0.6446	0.6429	0.58417	0.48182
0.26805	0.61587	0.39361	0.21113	0.14532	0.43254	0.445	0.37349
0.95146	0.95748	0.87819	0.84258	0.71826	0.58482	0.6403	0.47917
-0.74872	-0.53614	-0.48631	0.46597	0.38967	0.62071	0.58975	0.46703
0.22235	0.47838	0.59753	0.63553	0.42189	0.41784	0.50713	0.4598
0.83304	0.71823	0.7335	-0.03521	-0.0093036	0.052675	0.2724	0.30599
-0.12139	-0.42738	0.054364	0.63395	0.49639	0.68122	0.68313	0.54218
0.86642	0.87094	0.75682	0.61876	0.38291	0.69018	0.59737	0.45221
-0.22725	-0.74647	0.36595	0.42684	0.37761	0.49117	0.5351	0.46903
-0.095197	0.46987	-0.026942	0.62579	0.58302	0.4736	0.39368	0.39423
0.22791	0.65324	0.4738	0.27121	0.45781	0.46132	0.55293	0.50472
0.56219	0.5157	0.13069	-0.47574	-0.12811	0.11287	0.16261	0.19671
0.87792	0.91921	0.85692	0.75389	0.58864	0.4735	0.4168	0.4067
0.23951	-0.027152	-0.13215	0.2311	0.41441	0.42162	0.48404	0.37528
-0.6791	0.69156	0.63876	0.75542	0.47296	0.63766	0.61402	0.477
-0.20141	0.063666	-0.040715	-0.088262	-0.066065	0.1832	0.22478	0.1787
0.29496	0.58232	0.14411	0.21841	0.25116	0.38426	0.41504	0.32934
0.38754	0.3903	-0.2469	-0.19072	0.17197	0.37052	0.47723	0.44725
-0.37026	-0.46982	-0.41223	-0.1578	0.22736	0.42644	0.5214	0.47769
0.14846	0.14835	-0.34142	-0.38118	-0.35077	-0.013661	0.12235	0.10728
0.50505	0.69508	0.29775	0.59183	0.41953	0.64569	0.70608	0.64421
0.61304	0.56199	0.56682	0.61194	0.46914	0.61278	0.62833	0.51393
0.44052	0.60607	0.76211	0.57497	0.73901	0.82513	0.752	0.65493
-0.62956	-0.051561	0.087528	0.52186	0.10764	0.28206	0.3087	0.30801
0.85465	0.91122	0.65838	0.54167	0.57462	0.53292	0.47476	0.35437
-0.62146	0.24831	-0.56007	0.17784	0.47864	0.7186	0.72683	0.6616
-0.66843	-0.59348	-0.47723	0.20586	0.63868	0.59719	0.58333	0.46015
0.79306	0.69095	0.34329	0.53568	0.46194	0.43992	0.46506	0.43867
0.36145	0.4939	0.39048	0.53234	0.60484	0.76463	0.70422	0.66281
-0.71825	-0.65321	-0.51404	-0.014178	0.11873	0.38441	0.34303	0.25161
-0.22924	0.61735	0.52218	0.1514	-0.10557	0.27528	0.31647	0.27178
-0.79895	-0.029823	0.6544	0.18457	0.2131	0.18231	0.31913	0.2514
0.41337	0.64552	0.4857	0.57836	0.24653	0.24137	0.18132	0.14151
-0.42356	-0.34642	-0.27983	0.56269	0.48319	0.3346	0.37564	0.35336
0.25759	0.29003	0.20777	-0.13073	0.19237	0.41196	0.54837	0.50513
0.80074	0.84917	0.70014	0.56494	0.70212	0.70699	0.74376	0.68314
0.77034	0.88406	0.9349	0.84234	0.47205	0.48295	0.53683	0.50008
0.59012	0.82155	0.26653	0.44484	0.50221	0.48867	0.46016	0.39862
0.30663	0.87257	0.91827	0.80508	0.60638	0.50668	0.41796	0.36966
0.66716	0.87566	0.90036	0.79735	0.63499	0.48118	0.54787	0.47737
0.37848	0.43575	0.40536	0.56033	0.52765	0.49696	0.52254	0.44679
0.18151	-0.50897	-0.49695	-0.038927	0.28983	0.3956	0.39009	0.3083
-0.7077	-0.89327	-0.81888	-0.74499	-0.28575	0.042994	0.38413	0.35302
0.67929	0.92881	0.07475	0.3009	0.12116	0.41077	0.42242	0.39325
-0.86567	-0.94125	-0.95352	-0.73316	-0.43805	-0.15079	-0.021999	0.013435
0.35984	0.080713	0.77297	0.7716	0.73416	0.58036	0.49257	0.43928
0.2888	0.66896	0.054956	-0.023447	-0.019915	0.0013761	-0.045526	-0.032638
0.12256	0.67486	0.32401	0.25754	0.47219	0.45198	0.46052	0.39501
0.64727	0.60579	0.42134	0.29287	0.0039308	0.17378	0.3057	0.28776
-0.56311	0.3844	0.35715	0.57252	0.40876	0.38947	0.33571	0.2579
0.72718	0.82895	0.83211	0.58724	0.52801	0.4282	0.51163	0.44892
0.48041	0.76928	0.42547	0.28004	0.69747	0.54664	0.51111	0.4045
0.053999	0.30134	0.026712	0.34683	0.49951	0.52647	0.49583	0.48362
0.48881	0.75175	0.79254	0.77944	0.63019	0.56715	0.52036	0.47963
0.057607	0.47692	0.6001	0.15541	0.34211	0.30655	0.31394	0.22302
-0.94736	-0.91255	-0.89688	-0.64704	0.30433	0.51908	0.34473	0.30579
0.79469	0.66846	0.66592	0.90504	0.69825	0.57042	0.5566	0.5496
0.059736	0.087195	-0.37793	-0.39471	-0.19248	-0.021168	0.042554	0.04704
0.62208	0.69064	0.38269	0.47991	0.56246	0.46978	0.54434	0.44866
0.32888	0.60583	0.61325	0.68078	0.55032	0.63761	0.67807	0.60684
-0.61591	-0.60677	0.39406	0.11718	0.33714	0.48565	0.53735	0.49141
0.31786	0.34	-0.19785	0.05806	0.32742	0.44406	0.56681	0.4594
-0.552	-0.76641	-0.13346	0.32017	0.34029	0.50783	0.55037	0.46522
0.50587	0.53732	0.34743	0.68782	0.7176	0.7017	0.55942	0.49527
0.79333	0.88866	0.91764	0.69922	0.63657	0.63823	0.59459	0.5593
-0.79605	-0.86101	-0.75995	-0.4134	0.18753	0.44125	0.40898	0.39174
-0.17684	0.56959	0.71131	0.8166	0.77194	0.6784	0.61585	0.52641
