-0.24973	-0.094282	0.095703	0.065834	0.1306	0.31969	0.37079	0.2868
0.55083	0.60536	0.66214	0.65679	0.58895	0.48305	0.45922	0.41041
0.7772	0.82633	0.85293	0.82896	0.63868	0.53289	0.51606	0.44426
0.39922	0.36469	0.46806	0.61809	0.52651	0.49199	0.4697	0.40533
0.35411	0.52261	0.58915	0.63054	0.45982	0.50367	0.4607	0.36542
0.1715	0.24439	-0.077017	-0.015586	0.27474	0.47033	0.47521	0.41194
0.25825	0.36505	0.15175	0.33712	0.40486	0.48099	0.4395	0.37505
-0.2581	0.26453	0.33334	0.44779	0.47803	0.48082	0.45984	0.37873
0.39671	0.39421	0.3841	0.44185	0.39855	0.46778	0.44174	0.34366
0.35544	0.57939	0.57399	0.62215	0.59183	0.5516	0.49258	0.4293
0.60961	0.47869	0.40886	0.62248	0.63028	0.59922	0.53224	0.43945
0.24978	-0.22628	0.17422	0.31317	0.37087	0.38011	0.30684	0.2576
0.42823	0.41508	0.16608	0.35324	0.40984	0.44864	0.41716	0.37067
0.66103	0.27958	0.38734	0.40055	0.42399	0.38357	0.33423	0.27405
0.3952	0.099799	0.14762	0.14529	0.33256	0.35577	0.48806	0.45504
0.65551	0.65836	0.74024	0.77708	0.7561	0.62867	0.55826	0.49009
0.57524	0.51415	0.52993	0.62565	0.57688	0.56238	0.53347	0.41947
0.29081	0.31852	0.4149	0.25119	0.33802	0.37108	0.3212	0.26196
0.69872	0.59991	0.46269	0.43847	0.41175	0.44977	0.51401	0.41864
0.046338	0.081637	-0.1697	0.29377	0.33194	0.34127	0.39038	0.36
0.46636	0.44512	0.67709	0.664	0.6127	0.54938	0.5057	0.44264
-0.048449	-0.10955	0.14811	0.36414	0.48239	0.51422	0.50102	0.45211
-0.029703	0.15793	0.77156	0.82304	0.83386	0.75638	0.64015	0.5322
0.4338	0.30987	0.24267	0.27474	0.34719	0.3954	0.43993	0.38938
0.62051	0.72395	0.68666	0.65913	0.51615	0.36352	0.33158	0.28167
-0.71662	0.045175	0.36816	0.44492	0.41721	0.51124	0.42106	0.33649
-0.25548	-0.33112	0.29457	0.47619	0.49509	0.45631	0.48177	0.4186
0.54265	0.58197	0.64382	0.71288	0.73466	0.68382	0.63783	0.568
0.2295	0.42437	0.45943	0.48271	0.46173	0.48174	0.47983	0.41623
-0.070977	0.43136	0.19698	0.16818	0.16214	0.26628	0.34916	0.33481
0.62953	0.69835	0.65935	0.6498	0.58399	0.46166	0.46725	0.39383
0.57103	0.47224	0.58032	0.36898	0.36591	0.31522	0.33267	0.25286
0.53964	0.61059	0.62018	0.51413	0.58803	0.60245	0.59778	0.5026
0.53969	0.36393	0.45486	0.51968	0.49379	0.50922	0.52261	0.43463
-0.44807	-0.33878	-0.33533	-0.029881	0.23636	0.42866	0.4636	0.40738
0.63013	0.64114	0.6871	0.64585	0.52111	0.42262	0.46367	0.40561
0.2536	0.24486	0.3589	0.57421	0.56204	0.4621	0.52657	0.45355
-0.10569	-0.069628	0.30518	0.5444	0.49419	0.53263	0.4908	0.39611
0.10902	0.23166	0.56801	0.5369	0.50423	0.48004	0.47416	0.42314
0.14585	0.34725	0.43508	0.36343	0.34706	0.34458	0.30889	0.27492
0.4552	0.54111	0.58836	0.64241	0.58806	0.6054	0.4527	0.38985
0.4807	0.71538	0.77258	0.76889	0.67461	0.66296	0.61812	0.5434
0.79737	0.40667	0.42721	0.4564	0.4333	0.42476	0.40998	0.36152
0.063888	0.19026	0.30531	0.33914	0.29509	0.42248	0.45797	0.41193
0.56156	0.23506	0.2361	0.31797	0.35298	0.47224	0.49939	0.42878
0.19371	0.35964	0.49962	0.63678	0.61692	0.61648	0.60308	0.55463
0.58203	0.57112	0.47892	0.5076	0.52657	0.49079	0.44844	0.34836
-0.21787	-0.0033356	0.58909	0.49993	0.60999	0.58747	0.53853	0.44545
0.38152	0.76006	0.86914	0.654	0.66134	0.61752	0.44442	0.37275
0.38414	0.18475	0.1702	0.14114	0.2056	0.36067	0.41391	0.35828
0.22896	0.2681	0.34	0.22808	0.34021	0.4632	0.51405	0.40997
0.50623	0.59435	0.49067	0.24301	0.49218	0.53588	0.50425	0.43478
0.0075113	0.036627	0.36392	0.56925	0.46901	0.48531	0.47614	0.43013
0.46786	0.58031	0.5254	0.43678	0.51148	0.49678	0.48959	0.46133
0.097271	0.35761	0.52733	0.52217	0.46433	0.47801	0.48712	0.42021
-0.013081	-0.10836	0.26858	0.48435	0.43433	0.30973	0.34562	0.26305
0.58028	0.73058	0.5575	0.50022	0.60235	0.51178	0.457	0.3874
0.56971	0.43737	0.61084	0.52117	0.54111	0.5322	0.53136	0.4605
0.027007	-0.01504	0.32039	0.34123	0.29842	0.36512	0.41696	0.34593
0.38183	0.27151	0.19468	0.29063	0.32406	0.51792	0.50943	0.42133
0.4983	0.43742	0.34837	0.48321	0.47229	0.60486	0.56696	0.46823
0.47313	0.59393	0.59563	0.54705	0.53837	0.59285	0.53833	0.48282
0.31968	0.33358	0.12112	0.012955	0.16209	0.25876	0.37373	0.33237
0.24598	0.23283	0.44348	0.37055	0.40302	0.49112	0.5205	0.44279
-0.14747	0.52125	0.56314	0.6278	0.49212	0.55256	0.54395	0.46065
0.52751	0.58349	0.63043	0.53214	0.42446	0.31092	0.24519	0.20053
0.23198	0.13994	0.21091	0.32285	0.2803	0.34881	0.35885	0.30169
0.49749	0.65011	0.6799	0.75062	0.70556	0.62411	0.5906	0.48951
0.46058	0.60803	0.68677	0.66997	0.63132	0.62293	0.61018	0.53926
0.39286	0.28125	0.16146	0.15993	0.33137	0.3959	0.43282	0.36655
0.17297	0.29491	0.38496	0.50158	0.48376	0.51055	0.55336	0.46619
0.62571	0.71899	0.73857	0.67637	0.6515	0.57263	0.5225	0.44827
0.54096	0.62342	0.56905	0.6818	0.60854	0.57973	0.56761	0.4829
0.077464	0.36047	0.46578	0.54424	0.49046	0.51473	0.49916	0.40888
0.25473	0.40825	0.52301	0.633	0.61346	0.59987	0.5673	0.49866
0.30952	0.35687	0.34705	0.33577	0.30936	0.42121	0.42655	0.37873
0.36799	0.24569	0.24318	0.17662	0.222	0.37799	0.43062	0.37984
0.67944	0.70335	0.75271	0.68378	0.55944	0.57515	0.50363	0.43558
0.24619	0.28388	0.29935	0.64879	0.5762	0.48125	0.45249	0.36905
0.66798	0.81361	0.67332	0.43838	0.24188	0.29224	0.29624	0.26496
0.41997	-0.1612	-0.091575	0.00072056	0.20779	0.4638	0.50224	0.41568
0.30466	0.31171	0.26067	0.28311	0.29055	0.37788	0.38964	0.31795
0.37416	0.2578	0.23153	0.24139	0.39743	0.45664	0.48131	0.42648
0.47206	0.53113	0.57098	0.66414	0.61002	0.58386	0.53109	0.42462
-0.12348	-0.14052	0.26314	0.3628	0.35925	0.34357	0.3331	0.29884
0.32234	0.31559	0.38503	0.58541	0.54326	0.48513	0.48833	0.41921
0.43137	0.59794	0.67073	0.65492	0.62314	0.68288	0.60425	0.49119
0.23132	0.39638	0.54079	0.50842	0.35102	0.41516	0.4762	0.43466
0.27453	0.19911	0.42775	0.53574	0.52751	0.48652	0.43727	0.39778
0.40064	0.52444	0.58622	0.49362	0.48592	0.48826	0.47314	0.37859
-0.15817	0.45058	0.24817	0.47059	0.36354	0.49118	0.47654	0.39368
0.40553	0.43784	0.60042	0.63223	0.56939	0.61804	0.61807	0.549
0.094607	0.40262	0.45297	0.49241	0.46621	0.49345	0.46844	0.39899
0.24433	0.33316	0.36379	0.5992	0.63737	0.65055	0.61274	0.533
0.69113	0.5422	0.41726	0.50329	0.44486	0.51014	0.45969	0.3808
0.42519	0.30417	0.44231	0.41399	0.40397	0.35061	0.30414	0.232
0.64775	0.67524	0.74585	0.777	0.67679	0.64765	0.61673	0.53048
0.74324	0.92463	0.92889	0.81674	0.65829	0.63205	0.54953	0.45651
0.11501	0.28468	0.58596	0.76542	0.73642	0.76029	0.70514	0.60616
0.438	0.44625	0.31448	0.44591	0.50205	0.48433	0.50791	0.43128
0.24815	0.23435	0.28408	0.18196	0.18668	0.23267	0.29579	0.30104
0.53205	0.4601	0.63459	0.7202	0.6442	0.56723	0.57517	0.48697
0.5654	0.46713	0.70063	0.64201	0.52888	0.57875	0.5248	0.46759
0.60388	0.80931	0.73574	0.67038	0.51458	0.46495	0.41756	0.34746
-0.56045	-0.43984	-0.46557	-0.021483	0.29572	0.26492	0.3108	0.23491
0.37932	0.16739	0.36417	0.33601	0.30623	0.40402	0.46064	0.40777
0.52311	0.58906	0.6629	0.55741	0.49281	0.42823	0.43973	0.3507
0.27377	0.2216	0.19839	0.27557	0.37364	0.48387	0.51997	0.45522
0.43015	0.64328	0.74973	0.77335	0.73163	0.7691	0.67313	0.5943
0.38546	0.42132	0.47304	0.44373	0.36086	0.41158	0.47892	0.43842
0.53588	0.34499	0.44033	0.49865	0.37305	0.36294	0.43916	0.40083
0.40672	0.35449	0.54027	0.5928	0.61365	0.54607	0.55607	0.49795
-0.13942	0.12835	0.44519	0.46622	0.3971	0.45984	0.41074	0.33036
0.61045	0.51844	0.56052	0.45492	0.43866	0.49647	0.50145	0.43218
-0.18219	-0.22822	-0.01585	0.20766	0.3652	0.55052	0.56631	0.47238
0.67283	0.67674	0.69109	0.64533	0.60427	0.57102	0.54325	0.4405
-0.3613	-0.16104	0.26285	0.35003	0.54406	0.60738	0.60186	0.54727
0.78545	0.58477	0.51933	0.49953	0.48367	0.43506	0.45766	0.41057
0.5469	0.48537	0.37876	0.52291	0.4367	0.50862	0.52301	0.45256
0.58732	0.64706	0.74166	0.70166	0.58374	0.46057	0.36478	0.28023
-0.1457	0.39096	0.55521	0.68874	0.6198	0.6008	0.60634	0.53738
0.74483	0.81107	0.82771	0.79957	0.7392	0.66815	0.58185	0.49688
-0.16163	-0.39143	0.19328	0.46081	0.55573	0.49442	0.44934	0.39778
0.37664	0.31693	0.52926	0.71157	0.65798	0.56587	0.55837	0.46663
0.47522	0.39554	0.40967	0.67053	0.5781	0.65499	0.67302	0.55017
0.28347	0.31978	0.59014	0.7196	0.58585	0.38476	0.41372	0.34271
0.48398	0.53365	0.027264	-0.098219	0.16564	0.3782	0.43645	0.37447
0.38119	0.55296	0.45455	0.54441	0.55515	0.53733	0.52696	0.45538
0.28392	0.17447	0.3324	0.41861	0.43491	0.45473	0.43819	0.36503
-0.2378	0.28068	0.4484	0.53266	0.57775	0.59456	0.56129	0.47245
0.30313	0.342	0.44425	0.54823	0.58619	0.58144	0.53614	0.4187
0.35171	0.40639	0.49057	0.46988	0.42711	0.40077	0.37936	0.30569
0.27131	0.20709	-0.019187	0.016537	0.17017	0.36966	0.3943	0.3227
0.33797	0.48098	0.46597	0.56215	0.58809	0.60699	0.52039	0.41182
0.46701	0.60828	0.41249	0.36764	0.4382	0.44628	0.34355	0.28944
0.25148	0.39169	0.69862	0.58999	0.53877	0.54072	0.5067	0.45709
-0.07601	-0.12179	-0.015264	0.12727	0.14783	0.29428	0.39216	0.34856
-0.024548	0.16328	0.43216	0.51732	0.58199	0.52859	0.44019	0.34321
0.46143	0.57563	0.36786	0.40462	0.4325	0.39729	0.40117	0.32688
0.46179	0.59306	0.82659	0.70942	0.64734	0.55396	0.52551	0.45274
0.25344	0.29425	0.24175	0.51372	0.50398	0.55434	0.51883	0.44536
0.57953	0.64587	0.66287	0.7075	0.58963	0.59078	0.61172	0.52277
0.2546	0.3659	0.47837	0.52479	0.58102	0.61289	0.57428	0.49842
0.062333	0.083985	0.1652	0.45197	0.57289	0.54542	0.51594	0.43576
0.61647	0.63953	0.62884	0.63939	0.55171	0.59782	0.57561	0.53697
0.18116	0.45503	0.50846	0.53232	0.47277	0.41333	0.37435	0.32912
0.4081	0.41489	0.51937	0.62732	0.49439	0.47387	0.48036	0.40493
0.46022	0.14559	0.33302	0.58503	0.57089	0.55964	0.51168	0.43967
-0.6405	-0.082582	0.054742	0.61137	0.59653	0.56452	0.59066	0.47477
0.1886	0.39388	0.55338	0.53089	0.44684	0.42643	0.4046	0.37767
0.47255	0.17201	0.33085	0.46301	0.51508	0.53432	0.46815	0.37654
0.32383	0.36673	0.38007	0.22963	0.34075	0.3773	0.38841	0.34749
0.24507	0.2958	0.43109	0.4911	0.43966	0.4199	0.36242	0.30069
0.0072191	0.41769	0.5758	0.65234	0.58742	0.48323	0.42633	0.33664
0.47362	0.55929	0.64243	0.72512	0.60121	0.66302	0.59288	0.5064
-0.0012881	-0.29217	-0.15374	0.21624	0.3202	0.34336	0.41665	0.37027
0.14154	0.031552	0.081014	0.28326	0.40685	0.50466	0.49779	0.41056
0.54044	0.68616	0.75424	0.79516	0.68611	0.50959	0.49038	0.38444
0.38469	0.49683	0.52995	0.46941	0.39324	0.53928	0.53314	0.40656
0.10209	0.218	0.35825	0.28404	0.35866	0.33722	0.34628	0.28373
-0.10353	0.20612	0.29336	0.43354	0.43615	0.5292	0.54056	0.46284
0.62809	0.49754	0.47232	0.37795	0.37724	0.50955	0.59604	0.49184
0.36043	0.3255	0.51071	0.65722	0.56038	0.54871	0.52672	0.42435
0.74464	0.75908	0.51892	0.46594	0.50908	0.50062	0.53641	0.45393
0.66213	0.6461	0.57194	0.43427	0.40283	0.34452	0.2153	0.15392
0.62945	0.66039	0.5529	0.49717	0.48732	0.43377	0.37596	0.31163
0.50466	0.55819	0.6513	0.59192	0.47517	0.4165	0.38185	0.29264
0.39181	0.44955	0.45725	0.53891	0.4237	0.40751	0.38577	0.35109
0.19985	0.12229	0.38009	0.47548	0.4414	0.45973	0.47515	0.38075
0.27008	0.16493	0.37916	0.43544	0.49487	0.50784	0.50463	0.42713
0.50767	0.32892	0.20433	0.21934	0.22081	0.36516	0.44253	0.36505
0.56107	0.59022	0.53589	0.62468	0.60557	0.56784	0.55044	0.48643
0.213	0.33209	0.32245	0.20064	0.26032	0.30035	0.34738	0.29056
0.38425	0.41086	0.48915	0.6807	0.60888	0.59584	0.59278	0.48902
0.69769	0.6008	0.45793	0.31836	0.42019	0.49909	0.4892	0.35967
0.24276	0.25226	0.26766	0.4779	0.48196	0.51524	0.49832	0.43454
0.40278	0.081478	0.12004	0.31269	0.30964	0.34175	0.31538	0.27679
-0.098845	-0.15139	-0.12017	0.12423	0.34092	0.44736	0.40352	0.3492
0.38171	0.58466	0.66717	0.63259	0.52391	0.51104	0.50738	0.43926
0.45773	0.48801	0.61925	0.7113	0.6768	0.60546	0.56637	0.48289
0.063866	0.14964	0.072462	0.22601	0.40262	0.37737	0.44536	0.34118
0.25978	0.15864	0.16006	0.15941	0.29513	0.3865	0.41212	0.35321
0.34672	0.23512	0.22073	0.28387	0.46356	0.50673	0.44898	0.37674
0.46522	0.46655	0.62325	0.63946	0.59912	0.51943	0.4868	0.44676
0.3565	0.47704	0.44611	0.50727	0.42864	0.50439	0.49373	0.40389
0.20272	0.21426	0.51608	0.53788	0.4406	0.43052	0.49792	0.44481
-0.50149	-0.41121	-0.06419	0.28175	0.36836	0.2557	0.34387	0.30443
0.44545	0.34612	0.14808	0.43998	0.33338	0.41407	0.40874	0.2835
0.40131	0.52251	0.43695	0.5385	0.53461	0.56462	0.46634	0.39465
0.018798	0.19504	0.40104	0.53579	0.48141	0.46713	0.49421	0.41691
0.70431	0.73574	0.63564	0.61839	0.54188	0.53123	0.52154	0.44458
0.38037	0.32004	0.30817	0.35998	0.4479	0.49515	0.45745	0.39531
-0.67339	-0.15474	0.36764	0.47581	0.49893	0.5033	0.44173	0.31872
0.61365	0.71613	0.78845	0.79154	0.71075	0.63375	0.5981	0.51116
0.0036957	0.26524	0.53379	0.7462	0.6335	0.54888	0.51312	0.43826
0.39914	0.57856	0.67296	0.78678	0.6957	0.601	0.51655	0.40996
0.6309	0.70143	0.66571	0.46456	0.50234	0.46134	0.5114	0.47384
0.55421	0.5175	0.65879	0.62285	0.51832	0.43957	0.45464	0.38243
0.56026	0.63819	0.36873	0.37779	0.36198	0.43181	0.48183	0.43939
0.30963	0.34177	0.52353	0.45665	0.39183	0.35981	0.36195	0.29154
0.66004	0.67218	0.64122	0.60409	0.49358	0.51206	0.56609	0.50978
0.5388	0.46076	0.43478	0.21671	0.20421	0.27185	0.34843	0.31934
0.19748	0.3162	0.50865	0.56112	0.53464	0.45056	0.48717	0.40022
0.13036	0.46397	0.36224	0.42144	0.46194	0.43466	0.35002	0.24413
0.55605	0.60407	0.42976	0.58471	0.56717	0.59607	0.49838	0.39927
0.19127	0.34362	0.17223	0.28189	0.42744	0.48733	0.54143	0.48272
-0.043323	0.14937	0.57729	0.54727	0.43162	0.41703	0.46492	0.40102
0.44855	0.71645	0.68182	0.69954	0.67241	0.67433	0.62725	0.57082
0.13626	0.10104	0.2657	0.32343	0.36807	0.44549	0.44734	0.39123
0.22489	0.33267	0.44285	0.53992	0.38956	0.21755	0.2224	0.15608
0.16111	0.35673	0.68128	0.63736	0.57744	0.60406	0.55319	0.47963
-0.33277	0.1155	0.18785	0.17509	0.25545	0.37782	0.40294	0.36427
-0.46647	-0.38766	-0.12051	-0.010698	0.22165	0.404	0.41953	0.3824
0.44382	0.59156	0.73153	0.77716	0.65128	0.49319	0.47665	0.40281
-0.55254	-0.016142	0.25412	0.33371	0.44306	0.52582	0.52038	0.44666
0.49518	0.64335	0.49141	0.43754	0.33599	0.4576	0.3799	0.37589
0.3784	0.53707	0.65294	0.69169	0.63349	0.573	0.54242	0.46315
0.64548	0.73834	0.61671	0.56744	0.62298	0.55172	0.54876	0.46427
0.32516	0.53925	0.54397	0.56124	0.53628	0.45933	0.52788	0.42229
0.43121	0.52422	0.58593	0.65014	0.61487	0.55264	0.47689	0.38154
0.40562	0.47541	0.56592	0.62817	0.57571	0.5106	0.45134	0.34788
0.076806	0.15833	0.29504	0.54097	0.56873	0.55118	0.54794	0.4623
0.61739	0.53215	0.63008	0.58262	0.58901	0.57275	0.53535	0.46212
0.39886	0.43717	0.58329	0.55216	0.51972	0.49597	0.52146	0.44976
0.2985	0.35428	0.39561	0.25798	0.28507	0.37438	0.39081	0.3202
0.45832	0.31983	0.41549	0.47666	0.35962	0.39819	0.3382	0.27659
0.69293	0.65099	0.65644	0.66712	0.57753	0.53867	0.50431	0.42256
0.32383	0.38791	0.3825	0.42708	0.39593	0.46121	0.46365	0.39262
0.33484	0.51541	0.25005	0.52669	0.53319	0.39659	0.36453	0.31722
-0.2905	0.062111	0.31926	0.48394	0.4203	0.38006	0.35575	0.26966
0.11529	0.24127	0.25979	0.62929	0.60074	0.54038	0.49392	0.39529
0.37803	0.50265	0.39411	0.51575	0.52792	0.59746	0.57457	0.48722
0.84386	0.69386	0.43929	0.35405	0.39266	0.48921	0.49398	0.46087
0.55941	0.6177	0.65326	0.73071	0.6796	0.64649	0.59649	0.53374
0.82694	0.5908	0.65187	0.55082	0.48247	0.50606	0.42438	0.32617
0.67255	0.55222	0.4935	0.50298	0.49936	0.55166	0.53311	0.45172
0.034674	0.11209	0.45229	0.54832	0.53521	0.52378	0.52169	0.46198
0.60521	0.7067	0.7411	0.77333	0.69825	0.62471	0.61491	0.52319
0.37113	0.70916	0.71261	0.66552	0.49331	0.52746	0.50145	0.41601
0.29427	0.13831	0.40961	0.38645	0.53534	0.52193	0.52667	0.43834
-0.12756	0.18407	0.19116	0.34068	0.43482	0.42514	0.35442	0.25657
0.28843	0.31385	0.35749	0.51109	0.57029	0.58556	0.55086	0.46457
-0.46285	-0.090698	0.06484	0.50927	0.44679	0.42499	0.46307	0.39913
0.32166	0.40281	0.5168	0.57278	0.61233	0.60983	0.5949	0.48487
0.55937	0.46957	0.3086	0.33989	0.47451	0.47736	0.50333	0.43583
-0.79418	-0.37729	-0.059246	0.39857	0.35094	0.37125	0.3694	0.33237
0.41227	0.33046	0.56471	0.58283	0.52193	0.56096	0.48622	0.41627
0.30083	0.18816	0.1498	0.20837	0.33858	0.44548	0.46351	0.38926
0.56659	0.5151	0.58584	0.58152	0.55664	0.5889	0.52985	0.46665
0.55227	0.69303	0.75194	0.78128	0.71481	0.61396	0.57754	0.4797
0.15075	-0.093032	0.21286	0.28403	0.3411	0.37312	0.38976	0.33161
-0.30435	-0.1287	0.07604	0.43501	0.39034	0.30613	0.30212	0.24952
0.13946	0.34269	0.5246	0.75829	0.66862	0.63678	0.53785	0.44349
0.26441	0.44583	0.32658	0.22926	0.26024	0.3947	0.3653	0.31682
-0.096456	0.021136	0.15223	0.071924	0.16033	0.27138	0.24425	0.16371
0.73362	0.71586	0.70854	0.67941	0.62907	0.61075	0.63794	0.5733
0.58452	0.56539	0.48533	0.59994	0.61749	0.65752	0.62051	0.56127
0.58619	0.44043	0.67436	0.70542	0.63755	0.55826	0.53476	0.4626
0.52143	0.60202	0.54423	0.51911	0.45066	0.47578	0.50457	0.44655
-0.047341	0.3256	0.38863	0.27261	0.3257	0.43551	0.39529	0.30574
0.64754	0.71034	0.76085	0.72227	0.61677	0.56381	0.49392	0.39441
0.29401	0.39017	0.3853	0.49619	0.45466	0.45727	0.50242	0.41547
0.43424	0.69446	0.7375	0.72343	0.57916	0.53405	0.53388	0.44163
0.35853	0.45558	0.52063	0.40096	0.39166	0.49016	0.53769	0.46416
0.67401	0.72866	0.81926	0.73106	0.68801	0.58597	0.59418	0.56552
0.63314	0.7357	0.78415	0.80584	0.75608	0.71612	0.70754	0.61376
0.83574	0.61517	0.66306	0.61577	0.52827	0.53808	0.46809	0.42461
0.26401	0.25984	0.50177	0.50388	0.52329	0.56757	0.39457	0.28455
0.3311	0.40722	0.53628	0.63458	0.67853	0.63465	0.55144	0.4931
0.26078	0.27354	0.48363	0.50081	0.42216	0.44662	0.36278	0.28975
0.12318	-0.065473	0.42861	0.3834	0.44268	0.46387	0.39276	0.31166
0.42195	0.60069	0.68211	0.66815	0.59088	0.60177	0.50999	0.44163
0.18022	0.42403	0.677	0.69036	0.65274	0.58564	0.54469	0.45473
0.34656	0.2466	0.33467	0.34319	0.4614	0.4539	0.42815	0.3503
0.16983	0.21245	0.51101	0.24841	0.40984	0.45748	0.51297	0.42003
0.56171	0.69364	0.82305	0.76175	0.74124	0.73264	0.65807	0.52778
0.44287	0.45011	0.42834	0.21706	0.23411	0.32376	0.43121	0.38049
0.47442	0.33722	0.43677	0.17628	0.26712	0.42372	0.47094	0.45413
0.10059	-0.10415	-0.031699	0.2905	0.35958	0.41946	0.42389	0.38225
0.45037	0.49653	0.53496	0.54032	0.47463	0.52266	0.4309	0.35791
0.72083	0.70499	0.8166	0.75493	0.62508	0.40366	0.36414	0.29129
0.2753	0.21886	0.39418	0.4766	0.53366	0.54739	0.51303	0.42878
0.33241	0.66023	0.58874	0.55722	0.46844	0.58442	0.61324	0.50076
0.37726	0.58784	0.66163	0.52989	0.5285	0.57471	0.51008	0.40963
0.50092	0.40162	0.25325	0.177	0.29389	0.33397	0.35042	0.29492
0.53371	0.6247	0.55763	0.54915	0.54383	0.5235	0.45936	0.38015
0.46895	0.43961	0.52016	0.4794	0.48393	0.54343	0.53088	0.46946
0.53735	0.66311	0.72593	0.76746	0.68502	0.56051	0.53491	0.43935
0.012957	0.46055	0.71409	0.70674	0.59625	0.56042	0.52558	0.48196
0.72683	0.76365	0.74137	0.71936	0.73943	0.56964	0.45305	0.40834
0.58291	0.56699	0.64629	0.63566	0.49824	0.51758	0.46342	0.37913
0.15889	0.31396	0.30738	0.37786	0.54281	0.52846	0.48483	0.37907
0.37483	0.46821	0.1702	0.52092	0.47692	0.45598	0.45616	0.34832
0.23522	0.20877	0.39475	0.5433	0.53547	0.6029	0.63382	0.47106
0.54928	0.61612	0.74656	0.72287	0.61461	0.51505	0.48789	0.3822
0.66749	0.60807	0.60864	0.54867	0.54451	0.48908	0.42561	0.34031
0.61806	0.7192	0.78678	0.82043	0.76747	0.73021	0.68854	0.61418
-0.34042	0.082981	0.13863	0.10024	0.27854	0.41237	0.43909	0.38979
0.68624	0.75584	0.75868	0.84551	0.72804	0.65767	0.60254	0.50536
0.24291	0.42692	0.36749	0.28487	0.33629	0.36012	0.33754	0.3191
0.5188	0.68253	0.63989	0.57768	0.56644	0.46703	0.51846	0.44849
0.61523	0.58035	0.52146	0.4635	0.50082	0.56694	0.58235	0.52143
0.35912	0.63575	0.38411	0.42202	0.48422	0.49637	0.46278	0.38538
0.39299	0.50185	0.483	0.52812	0.5433	0.46652	0.35828	0.31321
0.48734	0.30479	0.011646	0.22085	0.36142	0.36579	0.36905	0.29958
0.37136	0.49157	0.47691	0.4019	0.43789	0.54802	0.57261	0.49267
0.36046	0.47691	0.58094	0.59311	0.50701	0.54163	0.4332	0.34924
0.38892	0.51334	0.53046	0.46023	0.39829	0.45167	0.41766	0.35048
0.036928	0.21012	0.41692	0.62806	0.56999	0.41714	0.37289	0.27628
0.42977	0.65091	0.58807	0.59684	0.56401	0.52845	0.49253	0.45884
0.63486	0.5126	0.21697	0.42428	0.42909	0.56728	0.56244	0.49489
0.066056	0.31584	0.42101	0.39686	0.49919	0.51547	0.48877	0.41157
0.6283	0.72284	0.75875	0.66338	0.60049	0.51728	0.48773	0.42708
-0.055945	0.02683	0.04434	0.24126	0.26753	0.37834	0.40157	0.31877
0.23442	0.294	0.28583	0.43576	0.40994	0.44654	0.45585	0.36658
0.7037	0.6846	0.72075	0.72178	0.70657	0.63831	0.58263	0.48421
0.18538	0.30923	0.37597	0.42688	0.40451	0.37391	0.2738	0.26183
0.69336	0.39749	0.26772	0.43846	0.48699	0.59081	0.60797	0.55754
0.54831	0.56846	0.55391	0.56908	0.6032	0.50735	0.43892	0.34931
0.21089	0.30366	0.5909	0.78626	0.75682	0.69716	0.63857	0.54631
0.27179	0.40688	0.52305	0.59365	0.56688	0.60684	0.59285	0.5346
0.25368	0.64317	0.65008	0.5922	0.46042	0.37803	0.39985	0.32524
0.24939	0.38412	0.5251	0.49639	0.49884	0.44321	0.358	0.26348
0.48018	0.44884	0.61789	0.7161	0.74421	0.66464	0.58294	0.46788
0.33513	0.51129	0.51597	0.49004	0.38852	0.39981	0.36255	0.35001
0.38398	0.56942	0.66427	0.59037	0.53096	0.52529	0.47383	0.38328
-0.042919	0.27232	0.13249	0.5269	0.53432	0.43054	0.42638	0.32717
0.34187	0.45464	0.49133	0.4932	0.44681	0.58371	0.50336	0.4601
-0.12459	0.2188	0.39802	0.39361	0.42907	0.44396	0.45147	0.38647
0.33707	0.57014	0.46521	0.33052	0.32384	0.24384	0.27527	0.21825
-0.41125	-0.079688	0.1833	0.52481	0.56542	0.61575	0.59856	0.53933
0.031796	-0.094901	0.22434	0.50706	0.51239	0.44937	0.44448	0.38609
0.24094	0.17791	0.15125	0.16666	0.22233	0.38937	0.37933	0.33972
0.51838	0.45773	0.39896	0.59503	0.59227	0.6155	0.62592	0.57118
0.60943	0.40745	0.42113	0.50419	0.50445	0.52525	0.53632	0.48322
0.68224	0.72495	0.7044	0.64057	0.54652	0.39027	0.38992	0.30706
0.061579	0.030595	0.26687	0.40399	0.40085	0.50226	0.47865	0.41893
0.048443	-0.043975	-0.18568	-0.1062	0.11774	0.24711	0.29827	0.26827
0.55396	0.54333	0.63396	0.53232	0.50283	0.50802	0.49502	0.47893
0.4842	0.76672	0.73487	0.73972	0.54592	0.416	0.37612	0.3052
0.69543	0.4673	0.5343	0.52056	0.58083	0.52587	0.57793	0.49053
0.03946	0.27219	0.22241	0.33382	0.34836	0.52191	0.55756	0.52547
0.66476	0.68308	0.77605	0.66533	0.60247	0.57904	0.61327	0.5303
0.093148	0.43258	0.42922	0.48673	0.45958	0.49439	0.52329	0.43553
0.38805	0.52273	0.47879	0.49008	0.40695	0.37886	0.39812	0.36892
0.61897	0.75957	0.83986	0.85934	0.73423	0.70757	0.65041	0.57666
-0.02816	0.082104	0.28947	0.46665	0.54017	0.56806	0.56454	0.49095
0.82441	0.79416	0.77732	0.78736	0.64514	0.61117	0.57899	0.48816
0.096056	-0.082943	-0.21107	-0.21801	0.11157	0.27395	0.30841	0.30138
0.23491	0.097889	0.019473	0.029564	0.25335	0.41469	0.40694	0.33243
0.74801	0.71399	0.60323	0.65142	0.50793	0.47248	0.41811	0.35242
0.55135	0.47213	0.61816	0.71779	0.53114	0.48161	0.44623	0.37729
0.31737	0.21548	0.59762	0.65271	0.6034	0.5836	0.51638	0.45674
-0.16195	0.33018	0.049831	0.30602	0.39935	0.44339	0.48245	0.40158
0.46168	0.51725	0.33333	0.39247	0.40802	0.50839	0.54595	0.45675
0.46553	0.6638	0.7911	0.79554	0.75492	0.64426	0.56531	0.49231
0.29075	0.23438	0.17151	0.15012	0.30657	0.36618	0.39646	0.32599
0.15279	0.51356	0.62607	0.6042	0.51474	0.51019	0.50315	0.43684
0.59474	0.74052	0.73076	0.67953	0.6194	0.56659	0.50705	0.45121
0.5868	0.70567	0.75424	0.83802	0.76093	0.68654	0.56472	0.44078
0.25147	0.27366	0.1724	0.47864	0.47947	0.46087	0.47176	0.37335
0.15339	0.26762	0.57082	0.56957	0.55598	0.5683	0.53714	0.44722
0.57097	0.57886	0.54536	0.4969	0.45521	0.38579	0.39811	0.36446
0.41206	0.54525	0.73692	0.75392	0.63633	0.4647	0.41158	0.35072
0.45565	0.469	0.56323	0.61117	0.55314	0.52378	0.54187	0.47409
0.10302	0.47866	0.48591	0.54351	0.53496	0.54635	0.53339	0.4874
-0.39177	0.15655	0.087038	0.070749	0.17243	0.39568	0.4662	0.42781
-0.079303	0.25805	0.39877	0.56075	0.51445	0.49357	0.54478	0.38628
0.54326	0.67883	0.70039	0.59482	0.49697	0.50571	0.43197	0.38822
0.54484	0.53499	0.52499	0.48173	0.57996	0.52776	0.53723	0.47191
0.44258	0.60806	0.76571	0.82701	0.79897	0.59898	0.53031	0.46043
0.18717	0.0045249	0.21479	0.21032	0.29142	0.47095	0.5021	0.45382
-0.077379	-0.10718	-0.060305	-0.065434	0.21435	0.26237	0.31676	0.31078
0.19237	0.2814	0.093257	0.11184	0.18065	0.33187	0.28757	0.25925
0.66001	0.60702	0.52414	0.51137	0.5265	0.51005	0.46002	0.39047
0.66005	0.70128	0.7152	0.68257	0.58742	0.67518	0.6259	0.53355
0.34244	0.34095	0.41015	0.45156	0.41465	0.41738	0.3722	0.29017
0.57267	0.71806	0.78852	0.78537	0.7436	0.61393	0.54954	0.50951
0.31882	0.55676	0.50008	0.47662	0.49847	0.48329	0.46963	0.40742
0.26873	0.13257	0.12749	0.18976	0.39976	0.43682	0.4656	0.39591
0.035431	-0.020365	0.1521	0.32563	0.37478	0.43325	0.49767	0.42337
0.2132	0.44115	0.71517	0.71111	0.58183	0.46932	0.53809	0.48086
0.55958	0.4301	0.34759	0.40913	0.56652	0.51789	0.51798	0.44729
0.29404	0.072839	0.081829	0.42378	0.47414	0.48628	0.50295	0.46484
-0.048466	-0.026863	0.048462	0.4095	0.5163	0.53671	0.58447	0.52936
0.17988	0.42969	0.41673	0.46521	0.43925	0.43072	0.40703	0.32821
-0.1838	-0.019411	0.15134	0.38014	0.41463	0.42099	0.44012	0.36108
0.06127	0.14225	0.28188	0.44304	0.36709	0.4404	0.44792	0.3805
0.47719	0.56062	0.60891	0.77965	0.64836	0.56716	0.56069	0.47766
0.66227	0.77879	0.8427	0.80225	0.73208	0.65389	0.56378	0.48685
0.64314	0.49874	0.481	0.38422	0.40909	0.52717	0.51719	0.43483
-0.36383	-0.21843	0.5057	0.4122	0.41094	0.42792	0.44582	0.35325
0.33069	0.40921	0.4539	0.4695	0.45464	0.46137	0.45274	0.37969
0.79305	0.81763	0.81713	0.62357	0.61671	0.61756	0.54463	0.4868
0.26165	0.32206	0.41737	0.36307	0.31526	0.42277	0.39361	0.35158
-0.48623	0.03756	0.30949	0.67901	0.64316	0.65299	0.63884	0.52986
0.53838	0.60089	0.65982	0.65455	0.57419	0.53811	0.49361	0.41273
0.5249	0.39705	0.48687	0.68585	0.62306	0.57027	0.57482	0.48375
-0.17854	0.18406	0.049136	0.30802	0.35118	0.49294	0.51468	0.4222
0.37623	0.39006	0.14406	0.1306	0.20206	0.27816	0.32048	0.27345
0.55103	0.49279	0.59024	0.42794	0.34834	0.41669	0.43601	0.34871
0.49431	0.54554	0.60533	0.67971	0.60735	0.57775	0.59017	0.4358
0.28414	0.51805	0.70276	0.67941	0.57633	0.6661	0.58198	0.50561
-0.27708	-0.2806	-0.18857	-0.16707	0.032946	0.28082	0.40432	0.39511
0.74567	0.74599	0.68796	0.76745	0.69483	0.64359	0.57432	0.44397
0.40973	0.43408	0.50094	0.54728	0.48885	0.48192	0.52061	0.46878
-0.021954	0.13628	0.62009	0.53816	0.42398	0.51094	0.47541	0.40712
0.40464	0.36634	0.38392	0.41493	0.53554	0.55469	0.54045	0.43021
0.74021	0.72331	0.77308	0.66586	0.46639	0.55314	0.58835	0.5142
-0.11255	0.026775	-0.022647	0.25074	0.47271	0.5022	0.50271	0.3998
0.73448	0.26576	0.36713	0.28759	0.39292	0.55424	0.57208	0.48123
0.3493	0.53425	0.60361	0.674	0.59555	0.60205	0.5705	0.47059
0.47569	0.58265	0.43831	0.18877	0.19689	0.30877	0.368	0.33987
-0.30206	0.076379	0.34806	0.46912	0.46529	0.38059	0.37473	0.30776
-0.685	-0.35828	-0.14937	0.21225	0.31676	0.36324	0.44852	0.36379
-0.23676	0.01786	-0.21793	-0.060448	0.1208	0.32657	0.40137	0.33614
0.10749	-0.065461	-0.40384	0.34826	0.34248	0.39926	0.41242	0.37036
0.59019	0.54977	0.32188	0.43816	0.53516	0.57658	0.48488	0.41192
0.66796	0.70658	0.80707	0.80629	0.6496	0.66193	0.62294	0.56263
-0.18992	0.26275	0.70001	0.73925	0.70092	0.65022	0.64775	0.62041
0.051369	0.10465	0.52907	0.62213	0.65744	0.65713	0.65866	0.56976
0.41256	0.30609	0.42207	0.5396	0.4964	0.50624	0.54117	0.45213
0.22273	0.45432	0.35627	0.44234	0.48213	0.50915	0.48801	0.40805
0.22432	0.38862	0.58648	0.4885	0.49465	0.50427	0.51899	0.40074
-0.028165	-0.028591	0.18725	0.39676	0.46476	0.51967	0.54865	0.46861
0.63782	0.69946	0.75386	0.76879	0.73496	0.73143	0.64971	0.5488
0.71741	0.67181	0.58127	0.6657	0.46335	0.3906	0.3437	0.27961
0.25589	0.3118	0.30394	0.43472	0.49763	0.53146	0.51198	0.44889
0.021937	-0.26535	0.16754	0.43237	0.41901	0.44419	0.46719	0.42342
0.42426	0.48448	0.5515	0.60025	0.47194	0.5083	0.45961	0.38951
0.24201	0.48254	0.58711	0.56631	0.59046	0.60297	0.57339	0.4539
0.11409	0.23518	0.18574	0.10319	0.13493	0.17109	0.22328	0.19529
-0.052768	0.15217	0.34823	0.36837	0.41039	0.50803	0.49508	0.42989
-0.15684	0.22999	0.069517	0.16015	0.25969	0.49251	0.5648	0.50513
0.30473	0.14887	0.35384	0.4704	0.56784	0.56229	0.52043	0.40511
0.48452	0.688	0.7489	0.81601	0.78973	0.64736	0.56504	0.49865
0.051561	0.19179	0.40011	0.48895	0.58864	0.56882	0.53881	0.44238
0.069615	0.20877	0.3284	0.51546	0.54097	0.49269	0.43105	0.33289
0.69884	0.68057	0.72802	0.70768	0.65773	0.60996	0.5159	0.42477
0.62675	0.59032	0.52324	0.60993	0.62459	0.55304	0.52611	0.40545
0.19685	0.65679	0.57661	0.66576	0.57984	0.5396	0.44532	0.34659
0.56136	0.64755	0.75433	0.70231	0.71127	0.69812	0.62383	0.59766
0.49175	0.49421	0.66081	0.5743	0.50741	0.60389	0.5647	0.50341
0.50868	0.53259	0.54943	0.69455	0.60087	0.58552	0.58807	0.49223
0.38659	0.54024	0.5114	0.45172	0.4426	0.47767	0.51312	0.47317
-0.060897	-0.0050934	0.16904	0.56756	0.59574	0.53592	0.57425	0.50667
-0.019883	0.38735	0.35534	0.37901	0.40316	0.54318	0.53499	0.52373
0.01443	0.14246	0.14743	-0.024708	0.086326	0.27615	0.35399	0.29366
0.61444	0.65881	0.71579	0.53468	0.52254	0.60763	0.62565	0.54686
0.69523	0.78049	0.77819	0.64856	0.48432	0.45567	0.41575	0.3713
0.55991	0.6138	0.50574	0.53384	0.57093	0.50896	0.44399	0.37081
0.68242	0.75927	0.66471	0.7089	0.64076	0.6143	0.6221	0.52209
-0.7313	0.044651	0.37544	0.47068	0.50848	0.56165	0.59046	0.50639
0.65925	0.69344	0.44883	0.47913	0.53173	0.50752	0.47687	0.40802
0.73124	0.87391	0.7871	0.7377	0.71358	0.69194	0.57017	0.48627
0.15524	0.47846	0.41514	0.32539	0.22083	0.29083	0.38281	0.34041
0.41671	0.27139	0.32876	0.38753	0.37607	0.33026	0.33313	0.30831
0.53469	0.48521	0.63087	0.57104	0.52933	0.46062	0.48644	0.42572
0.62728	0.57051	0.75566	0.78597	0.74439	0.69975	0.61916	0.57706
0.56589	0.5401	0.36221	0.45304	0.38779	0.34282	0.29762	0.2645
-0.36348	-0.005501	-0.069785	0.55523	0.48314	0.45737	0.40406	0.32676
0.36744	0.50808	0.63927	0.51532	0.49523	0.55368	0.54418	0.47843
0.81917	0.58054	0.62123	0.57678	0.47417	0.35227	0.31573	0.24232
0.064692	0.19574	0.42023	0.52485	0.52897	0.58784	0.61196	0.52973
-0.59566	0.04131	0.28462	0.44467	0.47399	0.42664	0.3962	0.31838
0.57539	0.69775	0.71201	0.6471	0.52283	0.45059	0.45056	0.35887
0.24659	0.39678	0.47192	0.39013	0.35013	0.38435	0.39528	0.36246
0.22744	0.44009	0.55308	0.65041	0.5992	0.5339	0.53276	0.44495
0.58278	0.33158	0.30813	0.27841	0.35903	0.43481	0.48337	0.42752
0.50397	0.49142	0.56326	0.64177	0.50344	0.56207	0.54069	0.48165
0.18357	0.53357	0.51237	0.46523	0.46577	0.43286	0.38902	0.32921
-0.099146	0.47648	0.49399	0.31604	0.35001	0.37423	0.34349	0.31606
-0.076653	0.23192	0.49486	0.61542	0.54738	0.55393	0.49404	0.4316
0.46277	0.65194	0.75018	0.79191	0.70041	0.53844	0.43035	0.36851
0.3443	0.281	0.17962	0.29913	0.37471	0.39916	0.43348	0.38389
0.41906	0.52923	0.71625	0.56366	0.50414	0.53024	0.58041	0.52484
0.48847	0.47223	0.59401	0.66074	0.63004	0.64121	0.62081	0.54088
-0.35634	-0.3612	-0.3713	-0.30232	-0.29072	-0.18109	-0.055536	-0.030083
0.81328	0.82127	0.82242	0.61928	0.50803	0.46484	0.45325	0.40641
0.4977	0.35957	0.45118	0.39753	0.16974	0.18595	0.2628	0.2254
-0.26384	0.25197	0.27668	0.31707	0.42715	0.51019	0.51692	0.47044
0.65332	0.664	0.61214	0.65644	0.63798	0.61706	0.51758	0.4175
0.68007	0.77206	0.79233	0.75978	0.64817	0.53939	0.4946	0.40563
0.39169	0.46499	0.57352	0.67859	0.74719	0.70044	0.63562	0.5384
0.51758	0.55753	0.55831	0.5044	0.46722	0.55775	0.55243	0.50715
0.59969	0.76724	0.7063	0.68374	0.60499	0.55513	0.45712	0.36696
-0.038275	0.10167	0.189	0.49133	0.55851	0.494	0.50078	0.40342
0.053615	0.14192	0.31022	0.38496	0.41311	0.60133	0.57958	0.52059
0.57612	0.66355	0.57575	0.54449	0.55865	0.58485	0.56631	0.48328
0.44509	0.36668	0.39147	0.48472	0.447	0.46728	0.38628	0.30767
0.5485	0.5809	0.67775	0.713	0.67485	0.56846	0.48663	0.39283
0.30907	-0.10425	-0.18188	-0.040681	0.060339	0.13969	0.20486	0.20421
0.22591	0.16182	0.15598	0.17694	0.1617	0.3186	0.32358	0.28518
0.42237	0.51722	0.50275	0.46149	0.48229	0.49059	0.46616	0.41995
0.21898	0.096798	0.22253	0.14511	0.257	0.33761	0.36236	0.34664
0.40322	0.45079	0.50053	0.53536	0.5043	0.55084	0.52944	0.43938
-0.34247	-0.13895	0.35411	0.4541	0.48194	0.43956	0.48106	0.42629
0.8561	0.54263	0.32431	0.43504	0.45311	0.50918	0.50281	0.44448
0.38158	0.15222	0.29834	0.3906	0.29152	0.32425	0.32712	0.28145
0.32867	0.40454	0.6172	0.58514	0.56521	0.57425	0.52945	0.45877
0.55107	0.73022	0.73572	0.67662	0.63724	0.58121	0.55401	0.45121
0.35848	0.69546	0.65551	0.55025	0.41719	0.50726	0.49156	0.41514
-0.01719	0.089812	0.42627	0.51621	0.44029	0.54072	0.51896	0.45206
0.46881	0.62737	0.60178	0.57299	0.5271	0.52219	0.47903	0.38518
0.19562	0.34384	0.47719	0.49	0.38981	0.43926	0.39642	0.3735
0.47839	0.62291	0.47577	0.53325	0.51101	0.45231	0.42759	0.33748
0.46404	0.41504	0.36266	0.39426	0.39787	0.39704	0.39563	0.36782
0.41562	0.4027	0.2405	0.27301	0.30789	0.42485	0.4186	0.32018
0.48567	0.4731	0.39268	0.36719	0.35239	0.37247	0.42192	0.32581
0.075333	0.0304	0.25708	0.2619	0.32747	0.29624	0.28837	0.23341
0.03169	0.14214	0.36271	0.48817	0.45276	0.46349	0.46337	0.37979
0.71769	0.74454	0.75981	0.72225	0.63681	0.51647	0.46753	0.3793
0.40394	0.31052	0.13074	0.38503	0.51187	0.54116	0.50671	0.42541
0.6803	0.60718	0.71568	0.65596	0.62106	0.59429	0.5087	0.45661
0.34879	0.25216	0.48908	0.56036	0.55461	0.60217	0.55818	0.45765
0.5349	0.04178	0.24819	0.42806	0.39505	0.49275	0.51041	0.4382
-0.52997	-0.57832	-0.13687	0.24147	0.3129	0.38878	0.39312	0.31727
0.60601	0.56287	0.36217	0.4187	0.44614	0.49672	0.48768	0.43569
0.91103	0.87271	0.85017	0.77349	0.67465	0.59317	0.49581	0.40092
0.43949	0.51866	0.66105	0.65525	0.63219	0.59878	0.53304	0.44902
0.30673	0.47127	0.56633	0.63339	0.65613	0.64244	0.57659	0.50888
0.2729	0.538	0.53741	0.41651	0.4068	0.39863	0.44861	0.36608
0.50997	0.50414	0.40665	0.42493	0.50515	0.39694	0.35737	0.29002
0.37963	0.46648	0.31513	0.49614	0.48753	0.54851	0.52024	0.43523
0.19262	0.24767	0.35073	0.23447	0.33236	0.41185	0.42203	0.35234
-0.16504	-0.09804	0.20483	0.20178	0.31539	0.44448	0.43798	0.37432
-0.10234	0.054302	-0.044379	0.19668	0.21969	0.39034	0.35249	0.30635
0.30799	0.37864	0.63792	0.4951	0.49384	0.51264	0.47777	0.40549
0.279	0.50236	0.59509	0.61926	0.56775	0.55297	0.53286	0.47928
-0.041633	0.10864	0.16303	0.2991	0.3427	0.40473	0.42556	0.30532
0.11679	0.24512	0.025656	0.2603	0.40343	0.45175	0.47961	0.42264
0.068611	0.32552	0.374	0.48767	0.42485	0.51305	0.5203	0.43349
0.34652	0.41182	0.56399	0.55951	0.60148	0.53847	0.49321	0.40934
0.48188	0.67117	0.64346	0.66208	0.59916	0.53969	0.50466	0.42733
0.5639	0.57567	0.61393	0.32727	0.39117	0.43507	0.4423	0.40092
-0.36721	-0.15445	-0.14998	0.20497	0.45152	0.53988	0.52572	0.46268
0.55815	0.47126	0.28082	0.27575	0.39925	0.46702	0.48676	0.40768
0.6842	0.70854	0.64929	0.60649	0.54654	0.52959	0.45705	0.40507
-0.17124	0.61243	0.24728	0.1628	0.34468	0.33097	0.37289	0.30604
0.058657	-0.058072	0.2479	0.4717	0.42891	0.40645	0.45961	0.37871
-0.17912	-0.075219	-0.082798	0.37872	0.44047	0.46832	0.53757	0.43409
0.36169	0.41111	0.60585	0.5432	0.49691	0.42822	0.45388	0.41483
0.80925	0.73418	0.48544	0.6115	0.56656	0.54034	0.5861	0.5258
0.01465	0.097206	0.52099	0.36124	0.43144	0.52109	0.55923	0.49742
0.24562	0.34747	0.32562	0.35423	0.39482	0.45604	0.44404	0.37825
0.0066385	0.12382	0.4543	0.65593	0.59471	0.46192	0.44286	0.38613
0.4522	0.49804	0.41529	0.39833	0.41878	0.46794	0.43278	0.35307
0.6803	0.53527	0.61406	0.65059	0.54394	0.53821	0.58831	0.47872
0.46979	0.50144	0.61943	0.54876	0.38406	0.34629	0.3567	0.31621
0.72289	0.52608	0.57791	0.54685	0.50283	0.4657	0.43293	0.33974
0.3647	0.4022	0.5242	0.42517	0.3937	0.38957	0.37753	0.32146
0.28837	0.42499	0.31507	0.35043	0.37597	0.58647	0.57838	0.49655
0.38029	0.34874	0.40805	0.59831	0.47387	0.52465	0.51236	0.40844
0.66831	0.74094	0.6769	0.58608	0.58587	0.49419	0.48139	0.4023
0.3703	0.19116	0.33721	0.42594	0.42799	0.48122	0.48723	0.41637
0.72179	0.79794	0.80362	0.75557	0.69205	0.66696	0.62751	0.55724
0.39613	0.54458	0.64366	0.63861	0.60564	0.51377	0.49754	0.4248
0.38677	0.6192	0.67855	0.66363	0.6239	0.59429	0.49701	0.40242
0.39478	0.44767	0.23933	0.2336	0.34672	0.44027	0.44125	0.36772
0.29674	0.60498	0.6428	0.69444	0.49816	0.42257	0.43904	0.38023
0.018277	0.18346	0.23719	0.34183	0.44308	0.4911	0.51076	0.42623
0.12488	0.52337	0.54031	0.57194	0.48081	0.48055	0.46482	0.3858
0.28103	0.19446	0.44854	0.41227	0.35623	0.40294	0.42936	0.37083
0.60764	0.50685	0.38446	0.43696	0.41217	0.50406	0.54651	0.51383
0.1844	0.42382	0.35748	0.44963	0.54097	0.561	0.54457	0.47241
0.2007	0.26264	0.53482	0.51977	0.52077	0.41335	0.4073	0.34444
0.59617	0.72239	0.77411	0.7483	0.54209	0.51655	0.54762	0.47738
0.21927	0.48789	0.48797	0.50467	0.39005	0.43742	0.46095	0.41723
0.33404	0.76475	0.7551	0.72738	0.6334	0.57591	0.56626	0.44109
0.019647	0.13758	0.57602	0.7077	0.73446	0.67211	0.61756	0.56154
0.010712	-0.029929	0.4359	0.48159	0.56521	0.54984	0.50856	0.40052
0.57995	0.64475	0.54951	0.49997	0.44978	0.46072	0.38656	0.33047
0.65815	0.74819	0.72011	0.68956	0.56042	0.56743	0.55502	0.46403
0.51685	0.55427	0.66568	0.57621	0.54389	0.52368	0.51257	0.46141
0.4557	0.38511	0.50855	0.52823	0.48133	0.56981	0.5511	0.47596
0.2187	0.22337	0.41921	0.43006	0.47262	0.50685	0.49358	0.40275
0.67674	0.37339	0.32373	0.24454	0.23913	0.33133	0.41313	0.35262
0.29336	0.46035	0.68238	0.70445	0.63708	0.56989	0.52704	0.43381
0.55151	0.68959	0.73285	0.57281	0.49486	0.47461	0.46772	0.36441
0.51623	0.52697	0.44635	0.48507	0.46168	0.44276	0.45504	0.42883
0.2495	0.49291	0.43327	0.5983	0.57997	0.50427	0.47861	0.42008
0.52548	0.41886	0.40396	0.35698	0.32095	0.49306	0.44546	0.40338
-0.2603	-0.27257	0.33718	0.55159	0.45873	0.42167	0.31702	0.23302
0.19619	0.22668	0.42528	0.47866	0.49527	0.52943	0.55659	0.48171
0.25321	0.4571	0.45054	0.41928	0.4325	0.52363	0.50906	0.45166
0.54285	0.3689	0.3606	0.45234	0.45198	0.50589	0.4863	0.41555
0.15605	0.071406	0.57085	0.74345	0.74677	0.68335	0.63678	0.55756
0.2155	-0.078484	-0.13778	-0.054968	0.12102	0.34356	0.37343	0.3438
0.11626	0.32334	0.52505	0.37206	0.32653	0.39408	0.4238	0.36325
0.26182	0.13026	0.19605	0.2923	0.43634	0.46073	0.50125	0.41159
0.03027	0.51166	0.5832	0.5357	0.55743	0.5829	0.51858	0.4156
0.5043	0.34637	0.26607	0.38271	0.43322	0.49831	0.50913	0.42286
0.47046	0.17947	0.073979	0.037093	0.32927	0.52228	0.52752	0.44927
0.48655	0.55164	0.80337	0.81064	0.63029	0.51834	0.54721	0.38499
0.47394	0.56074	0.62245	0.64452	0.62688	0.52985	0.5371	0.4866
0.55683	0.60179	0.67215	0.71054	0.63165	0.37093	0.33231	0.25513
0.53587	0.55582	0.54705	0.58652	0.58606	0.53624	0.50275	0.42125
0.5797	0.69567	0.60274	0.46733	0.52073	0.51178	0.43611	0.37849
0.43226	0.44619	0.33124	0.33062	0.37055	0.40544	0.47368	0.42914
0.25259	0.29354	0.44463	0.45472	0.45888	0.42178	0.4445	0.36835
0.1165	0.052969	0.14871	0.30835	0.37681	0.36496	0.41008	0.3833
0.19947	0.17548	0.40121	0.4668	0.48403	0.52776	0.5383	0.48668
0.43665	0.61719	0.54083	0.57482	0.57205	0.5293	0.46272	0.39201
0.85307	0.81688	0.85089	0.79799	0.67514	0.57712	0.54934	0.45697
0.50827	0.53035	0.62717	0.71634	0.62944	0.55688	0.53854	0.43182
0.42521	0.42645	0.39157	0.46214	0.50783	0.54253	0.51005	0.42629
0.6272	0.5086	0.40299	0.4913	0.49784	0.55687	0.50474	0.37225
0.40971	0.53268	0.63128	0.57444	0.49483	0.51819	0.53818	0.42398
0.44751	0.61615	0.6993	0.66494	0.60776	0.527	0.56255	0.48066
-0.24821	-0.24594	-0.15435	-0.02371	0.11285	0.38435	0.4249	0.39039
0.47135	0.53828	0.44279	0.5055	0.4471	0.41319	0.44408	0.3501
0.37468	0.68927	0.85602	0.828	0.657	0.65188	0.62623	0.55618
0.6356	0.41747	0.39611	0.35358	0.43806	0.48443	0.42964	0.35895
0.46046	0.42012	0.3919	0.52238	0.62304	0.59833	0.60239	0.53263
0.31196	0.31401	0.27901	0.33974	0.42726	0.49768	0.5053	0.43768
-0.13323	0.12249	-0.022754	-0.075099	0.21257	0.33069	0.37695	0.32677
0.31207	0.49008	0.46462	0.61214	0.58142	0.56305	0.52235	0.46364
0.4257	0.58368	0.55605	0.62765	0.5788	0.50656	0.44048	0.37345
-0.15889	0.17896	-0.0051123	-0.013222	0.16094	0.30263	0.35143	0.31455
0.26158	0.41818	0.43217	0.63608	0.50162	0.48897	0.48594	0.42309
-0.15761	0.4109	0.53091	0.52338	0.54317	0.50644	0.50945	0.47084
-0.13319	0.14735	0.16472	0.48642	0.51607	0.49052	0.47335	0.40088
0.45822	0.41443	0.21483	0.31434	0.44801	0.55355	0.51777	0.45484
0.12993	0.19133	0.49573	0.76124	0.77209	0.68901	0.59805	0.51365
-0.13279	0.31719	0.65614	0.59841	0.56491	0.67456	0.66813	0.59123
0.37468	0.08386	0.22678	0.46525	0.48121	0.45424	0.51893	0.44403
0.46537	0.44186	0.24963	0.44149	0.40664	0.37162	0.37292	0.31833
0.092521	0.093935	0.13593	0.24126	0.38364	0.52541	0.47876	0.37166
0.60195	0.57727	0.58497	0.62372	0.61879	0.58745	0.55442	0.49838
0.37406	0.36208	0.47277	0.49904	0.44749	0.47171	0.42222	0.35567
0.068556	-0.17147	0.041484	0.39939	0.41865	0.43033	0.41	0.33756
0.26327	0.20497	0.1239	0.070517	0.28394	0.44685	0.48652	0.38307
0.39153	0.52928	0.68791	0.43923	0.45445	0.44469	0.53376	0.44188
0.37521	0.32593	0.42381	0.57937	0.56608	0.52213	0.45482	0.31844
0.091763	0.068309	0.07811	0.078835	0.15469	0.25359	0.31881	0.27225
0.53886	0.46088	0.44846	0.59326	0.57627	0.56361	0.52867	0.45073
0.26814	0.46698	0.51007	0.50735	0.44177	0.45654	0.49465	0.42215
0.079865	0.11933	0.31963	0.51632	0.58966	0.5121	0.5144	0.45874
0.62449	0.36198	0.33514	0.5494	0.54372	0.52283	0.51607	0.40969
0.44062	0.57384	0.46736	0.25962	0.30978	0.37553	0.4805	0.39377
0.6531	0.57938	0.70814	0.64457	0.61504	0.48604	0.47069	0.37778
0.30442	0.42906	0.55334	0.51584	0.46087	0.49634	0.54137	0.42724
0.68156	0.51133	0.65436	0.53583	0.4265	0.36938	0.35482	0.30761
0.13139	0.53412	0.65521	0.5968	0.55253	0.59419	0.56444	0.51052
-0.0049588	0.38575	0.63007	0.69232	0.49938	0.54539	0.54119	0.46841
0.58662	0.68022	0.68764	0.68302	0.61245	0.63328	0.55913	0.47983
-0.034452	-0.065659	0.088828	0.14562	0.22105	0.39474	0.43007	0.34991
0.764	0.81835	0.77296	0.79414	0.74775	0.63127	0.56336	0.4953
0.20013	0.55991	0.69636	0.69755	0.66052	0.58921	0.5879	0.50734
0.38928	0.64602	0.78247	0.79481	0.72992	0.67952	0.6211	0.51333
0.37576	0.36416	0.35049	0.40415	0.27573	0.29656	0.34504	0.31552
0.32813	0.67948	0.635	0.67719	0.6667	0.61514	0.5969	0.53503
0.23149	0.35725	0.39826	0.35124	0.36572	0.47099	0.52037	0.44335
0.3491	0.29489	0.23751	0.30827	0.22263	0.33094	0.34551	0.27882
0.25233	0.24555	0.1088	0.12341	0.1029	0.24673	0.33983	0.3401
-0.14892	-0.24901	0.27352	0.5898	0.54043	0.61516	0.54821	0.43977
-0.080251	0.22327	0.5851	0.55	0.49043	0.38466	0.35187	0.32412
0.53215	0.54746	0.75591	0.63847	0.51521	0.53265	0.45989	0.39087
-0.25041	0.047906	0.38665	0.53484	0.48421	0.55844	0.47845	0.36122
0.26946	0.17944	0.34947	0.42474	0.39639	0.39605	0.37245	0.34211
0.70705	0.61394	0.62334	0.5918	0.40415	0.34053	0.37093	0.29629
0.26606	0.16279	0.40149	0.60794	0.58372	0.52048	0.53525	0.4763
0.63135	0.53651	0.43468	0.49103	0.41436	0.38416	0.34167	0.29886
0.1869	0.20255	0.35134	0.20389	0.51898	0.52375	0.48135	0.39989
0.70295	0.51535	0.53074	0.59818	0.50461	0.45726	0.42812	0.34749
0.29695	0.51133	0.5891	0.43265	0.44742	0.50413	0.45186	0.41077
0.066991	-0.025418	-0.0031983	0.057582	0.11262	0.19121	0.29636	0.26983
0.76787	0.87826	0.69735	0.54372	0.53267	0.39064	0.33821	0.29171
0.019841	0.035542	0.012626	0.13354	0.26981	0.36515	0.43037	0.37836
0.70014	0.60186	0.54857	0.50969	0.39603	0.40081	0.39274	0.33434
0.012082	0.07035	0.24104	0.37664	0.26988	0.30965	0.355	0.30448
-0.027872	0.11965	0.317	0.21967	0.20035	0.27509	0.29963	0.2495
0.46975	0.42752	0.65074	0.64009	0.66817	0.65165	0.60073	0.51263
0.38015	0.41523	0.2819	0.34378	0.3096	0.39124	0.49674	0.3761
0.080003	0.33532	0.48015	0.44951	0.39903	0.44455	0.42702	0.37319
0.56394	0.63405	0.65721	0.67474	0.54255	0.42679	0.43744	0.3819
0.41465	0.5055	0.33291	0.41597	0.47976	0.37164	0.41794	0.3421
0.26199	0.26575	0.45751	0.55028	0.57873	0.59637	0.58197	0.50567
0.084948	0.2188	0.43891	0.51844	0.56083	0.47604	0.4483	0.38919
0.72805	0.64248	0.514	0.46286	0.43314	0.39827	0.38071	0.3128
-0.22557	-0.13914	0.044397	0.12454	0.29484	0.3652	0.42879	0.38372
-0.51296	0.042074	0.26473	0.10571	0.19466	0.31151	0.37992	0.34714
0.41522	0.32775	0.45809	0.60239	0.58722	0.57725	0.55298	0.47458
0.57695	0.66259	0.78668	0.74749	0.69351	0.64264	0.53755	0.44029
0.045297	0.28476	0.16713	0.19523	0.28218	0.34879	0.49513	0.45733
0.60662	0.82746	0.82634	0.71185	0.64905	0.60728	0.57913	0.51531
0.66816	0.8002	0.83804	0.82239	0.74515	0.7143	0.66811	0.58175
0.27988	0.59344	0.51552	0.51785	0.40472	0.38209	0.36765	0.30438
0.1758	0.41323	0.4301	0.2785	0.28322	0.44233	0.50079	0.42857
0.53488	0.53834	0.50112	0.5042	0.47324	0.50612	0.45805	0.41209
0.0054123	0.39492	0.35426	0.22596	0.2582	0.36407	0.43775	0.40107
0.35378	0.27314	0.705	0.7128	0.71632	0.543	0.42811	0.34376
0.3402	0.35808	0.39931	0.44301	0.34812	0.32895	0.33246	0.30182
0.3207	0.08487	0.0021629	-0.068565	0.098618	0.25478	0.30929	0.27316
0.56562	0.67098	0.84375	0.84795	0.74249	0.61448	0.61373	0.56036
0.49927	0.49017	0.26715	0.14293	0.12839	0.38558	0.52939	0.46386
0.23041	0.27567	0.3385	0.45685	0.41283	0.35827	0.39245	0.33891
0.51652	0.42454	0.40329	0.54228	0.47559	0.45918	0.38266	0.34042
0.20154	0.37699	0.40053	0.26335	0.33165	0.44511	0.47132	0.39763
0.048314	0.10864	0.34692	0.57173	0.63602	0.63183	0.54914	0.41767
0.63276	0.68412	0.57966	0.70671	0.59229	0.51231	0.49692	0.37712
0.15084	0.23108	0.47786	0.52131	0.55252	0.44838	0.43695	0.36311
0.73869	0.82593	0.76343	0.71794	0.64267	0.60094	0.56934	0.44006
0.52865	0.56631	0.71785	0.76423	0.69163	0.63133	0.61299	0.55567
0.54271	0.42071	0.66759	0.68301	0.52886	0.53086	0.51062	0.40957
0.62386	0.41921	0.41938	0.41669	0.36041	0.40184	0.39979	0.32252
0.34441	0.55326	0.59696	0.68261	0.69939	0.63818	0.50606	0.37947
-0.37383	-0.28251	0.10912	0.41907	0.32372	0.42675	0.47966	0.45306
0.74117	0.70674	0.23584	0.33603	0.30713	0.43783	0.51353	0.45596
0.64177	0.52119	0.459	0.49131	0.51804	0.47968	0.43678	0.36522
0.46286	0.66049	0.73119	0.76113	0.60261	0.48403	0.32813	0.29317
0.54875	0.33856	-0.19022	-0.016546	0.1805	0.24384	0.32256	0.28194
0.40525	0.54877	0.5495	0.61065	0.55246	0.56055	0.54549	0.4848
-0.0021777	0.30197	0.51759	0.7327	0.56944	0.5368	0.48934	0.43412
-0.39368	-0.23656	0.037525	0.24727	0.3682	0.39616	0.47504	0.40445
0.37422	0.62704	0.59917	0.56059	0.5698	0.56538	0.53484	0.41717
0.37968	0.41633	0.5065	0.49752	0.46592	0.4127	0.34312	0.28389
0.045289	0.48734	0.46881	0.45875	0.47961	0.42113	0.48369	0.37445
0.45605	0.59205	0.65758	0.79075	0.64791	0.62571	0.6317	0.54845
0.36114	0.60552	0.60707	0.70459	0.57064	0.58323	0.54853	0.47747
0.53246	0.42489	0.47682	0.2642	0.42516	0.45452	0.50773	0.44904
0.70401	0.74232	0.70905	0.611	0.56489	0.50198	0.44874	0.37457
0.71528	0.5408	0.34191	0.29733	0.36039	0.49352	0.49217	0.42231
0.32368	0.40767	0.7349	0.71393	0.61536	0.56332	0.53191	0.45358
0.25849	0.52289	0.61221	0.58985	0.58485	0.60333	0.6238	0.50154
0.27558	0.4649	0.48869	0.66879	0.54685	0.55896	0.49636	0.40845
0.33528	0.41202	0.41322	0.47241	0.46862	0.53469	0.52291	0.43907
0.60508	0.71311	0.82002	0.8173	0.78447	0.7013	0.61733	0.52786
0.077135	0.011184	0.059633	0.30708	0.25328	0.37176	0.49181	0.40997
-0.25675	-0.0092045	0.14517	0.46053	0.39435	0.4984	0.43685	0.34936
0.28924	0.4368	0.46998	0.57584	0.54457	0.61861	0.65564	0.57167
0.1245	0.16037	0.018722	-0.034584	0.24634	0.3702	0.40986	0.37652
0.52318	0.39795	0.39978	0.42881	0.50501	0.55179	0.50143	0.4192
0.26888	0.17648	0.17652	0.1714	0.31739	0.44075	0.46526	0.39061
0.30825	0.47982	0.42062	0.53186	0.45575	0.39535	0.39714	0.34849
0.71902	0.55114	0.48636	0.55954	0.56379	0.50621	0.41682	0.35413
0.6799	0.74287	0.74371	0.63903	0.61548	0.54853	0.49502	0.42738
0.20983	0.23969	0.30237	0.41754	0.43864	0.46413	0.49136	0.43694
0.65307	0.64034	0.54021	0.60128	0.68765	0.60427	0.59158	0.49565
0.2802	0.3584	0.23256	0.42699	0.41733	0.40103	0.39674	0.33757
0.13983	0.34673	0.24032	0.49995	0.57862	0.5515	0.54851	0.43383
0.0051107	0.081355	0.29812	0.32183	0.40324	0.55933	0.56137	0.50125
0.56786	0.61946	0.45831	0.3273	0.4491	0.47362	0.55646	0.46201
-0.12785	0.28972	0.4401	0.52397	0.56058	0.56662	0.5054	0.42813
0.53297	0.48409	0.59418	0.6796	0.63132	0.57428	0.52795	0.48004
0.6787	0.60754	0.51543	0.47391	0.54895	0.56351	0.56824	0.44913
-0.076259	0.030973	0.037459	0.32596	0.23491	0.39306	0.40002	0.31666
0.32139	0.53648	0.62943	0.61283	0.60642	0.60223	0.55123	0.46713
-0.074507	0.086884	0.19507	0.58893	0.59451	0.55382	0.54583	0.4407
-0.023168	0.0062907	0.49324	0.45906	0.44753	0.42636	0.50367	0.44858
0.048295	0.17182	0.29833	0.66899	0.62934	0.54256	0.56238	0.50279
0.31459	0.49889	0.68644	0.62381	0.68108	0.66626	0.60239	0.52194
0.24999	0.22462	0.14124	0.20184	0.28479	0.42167	0.45718	0.41072
0.21857	0.10202	-0.0018524	0.057183	0.20111	0.46496	0.50238	0.44586
0.58316	0.62913	0.62267	0.68918	0.60064	0.52895	0.48813	0.42932
0.59155	0.73721	0.76105	0.76403	0.68011	0.61261	0.53214	0.4832
0.63924	0.5684	0.7062	0.69179	0.51516	0.56955	0.5881	0.50047
0.44291	0.57876	0.44574	0.51978	0.49097	0.52639	0.49017	0.41245
0.59669	0.55024	0.45541	0.32231	0.32961	0.33608	0.34257	0.29922
-0.26697	-0.053917	0.32955	0.31117	0.25721	0.35056	0.40519	0.30623
0.086968	0.17049	0.42341	0.42931	0.49326	0.50545	0.50654	0.41324
0.56978	0.65363	0.5618	0.64697	0.58419	0.576	0.52743	0.42205
0.54113	0.43951	0.5149	0.49451	0.51683	0.48885	0.46617	0.38425
0.34238	0.51627	0.57382	0.6433	0.57173	0.54742	0.53516	0.44815
0.22409	0.28446	0.24572	0.42735	0.53013	0.57425	0.55475	0.4755
0.50959	0.46517	0.33309	0.39286	0.45039	0.51639	0.5294	0.44235
0.60339	0.60559	0.6047	0.72268	0.7011	0.59904	0.52271	0.4499
-0.41003	0.095407	0.35976	0.55273	0.52421	0.48103	0.42876	0.35555
0.58454	0.36748	0.47437	0.46059	0.41211	0.39155	0.40892	0.33457
0.36514	0.45887	0.51653	0.50227	0.33196	0.38201	0.36825	0.32887
0.61727	0.66006	0.64389	0.79115	0.69281	0.66949	0.60204	0.51879
0.54036	0.57424	0.57803	0.60838	0.52825	0.42279	0.40787	0.3488
0.35624	0.5894	0.57623	0.49941	0.39333	0.28674	0.30358	0.25808
0.18497	0.045134	0.10551	0.20264	0.32987	0.41678	0.46538	0.36961
0.034216	0.48424	0.54046	0.35521	0.43565	0.45136	0.41852	0.34067
0.50237	0.38015	0.51102	0.37301	0.41309	0.34104	0.40293	0.3605
0.58251	0.58783	0.73535	0.68527	0.5292	0.51885	0.44367	0.36277
0.2822	0.33813	0.076514	-0.013204	0.085127	0.25383	0.30904	0.27352
0.71612	0.62257	0.64755	0.63249	0.55348	0.57803	0.54118	0.4336
0.10372	0.20422	0.52287	0.69175	0.6656	0.66927	0.61409	0.52756
0.22433	0.25816	0.5358	0.45701	0.44551	0.456	0.49505	0.41974
0.66333	0.63164	0.64648	0.71451	0.58961	0.5278	0.47402	0.40091
0.19417	0.14437	0.24285	0.44823	0.47746	0.51051	0.52282	0.4095
0.37424	0.35266	0.33729	0.52495	0.62038	0.61038	0.53015	0.47221
0.47524	0.39515	0.55773	0.2979	0.16514	0.3065	0.38345	0.34819
0.34307	0.4228	0.50236	0.45055	0.413	0.37884	0.35709	0.30434
0.48047	0.57795	0.53786	0.5246	0.52554	0.44158	0.3918	0.34006
0.40246	0.38625	0.50615	0.6007	0.51551	0.54457	0.55325	0.50002
0.63696	0.73353	0.77703	0.7879	0.71637	0.583	0.2953	0.22166
0.2926	0.53283	0.56607	0.67238	0.65946	0.62419	0.58959	0.47261
0.65552	0.4732	0.63903	0.64268	0.49551	0.44632	0.48123	0.41402
0.096993	0.44003	0.5604	0.52868	0.46412	0.50746	0.50338	0.40856
0.82123	0.83736	0.76171	0.75789	0.68036	0.59665	0.50905	0.42432
-0.36618	-0.69763	-0.37702	0.15729	0.23674	0.48717	0.46541	0.41193
0.4075	0.60693	0.54993	0.69157	0.52708	0.38557	0.38808	0.32701
0.58253	0.56061	0.50498	0.62368	0.53038	0.52255	0.52936	0.44196
0.53756	0.6433	0.71147	0.7703	0.74553	0.70763	0.61721	0.51333
0.7361	0.56821	0.70513	0.71094	0.60148	0.45693	0.41485	0.33424
0.65946	0.84466	0.87854	0.87587	0.81022	0.72128	0.66191	0.55974
0.48463	0.47729	0.66193	0.48804	0.46655	0.45939	0.43959	0.39046
0.75943	0.63935	0.71233	0.74426	0.68433	0.59266	0.48706	0.43832
-0.17424	-0.122	0.12819	0.3222	0.48673	0.54062	0.50003	0.40302
0.43675	0.39393	0.40807	0.44427	0.45485	0.46639	0.47125	0.3847
0.68668	0.6515	0.71091	0.71005	0.64347	0.58157	0.55281	0.48027
0.7436	0.72862	0.78059	0.71201	0.56574	0.51915	0.45371	0.34724
0.59521	0.53103	0.56293	0.51039	0.51114	0.49972	0.46296	0.37921
0.27999	0.44789	0.24561	0.62177	0.60897	0.61781	0.57107	0.49336
0.80414	0.70244	0.69493	0.69095	0.63162	0.60105	0.55257	0.46703
0.76615	0.68301	0.68394	0.71561	0.61115	0.63441	0.61695	0.53401
0.39782	0.36904	0.52715	0.60875	0.49057	0.57879	0.60562	0.52609
-0.066317	-0.016429	0.6216	0.59221	0.51434	0.49915	0.51565	0.45004
0.48789	0.69408	0.53625	0.57714	0.51348	0.52779	0.43206	0.35878
0.33286	0.39675	0.1885	0.3214	0.45276	0.34506	0.41006	0.298
0.63357	0.74965	0.84755	0.86287	0.717	0.58709	0.5139	0.45728
0.77073	0.55339	0.49854	0.5401	0.5279	0.51604	0.48001	0.42015
-0.029851	-0.088854	0.15292	0.31521	0.26506	0.2564	0.28633	0.22808
0.40763	0.37357	0.60145	0.67288	0.57007	0.37438	0.3554	0.2703
0.46223	0.49828	0.47978	0.49671	0.5744	0.68708	0.64187	0.49739
0.68262	0.60058	0.72496	0.71011	0.6718	0.60797	0.58568	0.45851
0.17219	0.14063	0.30892	0.27798	0.33166	0.33298	0.38906	0.32426
0.58885	0.43477	0.32457	0.35612	0.39243	0.37217	0.31946	0.28234
-0.40765	0.20238	0.47236	0.49326	0.48098	0.46308	0.41802	0.34456
0.50774	0.45269	0.35863	0.37778	0.33464	0.4227	0.44805	0.3569
0.63643	0.63874	0.68985	0.6855	0.59971	0.49322	0.38734	0.31275
-0.31517	-0.40279	-0.23873	-0.058272	0.15145	0.37397	0.42519	0.35727
0.038413	0.1297	0.23073	0.39143	0.39623	0.50546	0.49149	0.39705
0.41318	0.54306	0.65776	0.74201	0.75145	0.7719	0.68608	0.56967
0.40339	0.57594	0.28357	0.41653	0.51623	0.5031	0.37963	0.35659
-0.018735	0.74464	0.5383	0.40671	0.43706	0.43426	0.43834	0.32818
0.51622	0.65742	0.62044	0.5485	0.41372	0.51827	0.55005	0.48556
0.2854	0.58284	0.57839	0.66489	0.69586	0.6714	0.63508	0.57553
0.54217	0.32058	0.29542	0.41161	0.40494	0.52235	0.52558	0.42841
0.40995	0.50901	0.71996	0.79562	0.74131	0.68724	0.64633	0.57154
0.40835	0.6005	0.65433	0.59218	0.61739	0.60961	0.57946	0.47494
0.11801	0.32487	0.31068	0.44731	0.43908	0.46726	0.44439	0.40061
-0.13849	0.1105	0.069405	0.24969	0.35937	0.45465	0.40436	0.34013
-0.3468	0.13344	0.30371	0.45188	0.4955	0.49001	0.45084	0.36185
0.39633	0.50955	0.40644	0.4175	0.38343	0.45942	0.43428	0.38937
0.48404	0.45423	0.50503	0.59696	0.65543	0.61494	0.55517	0.48931
0.21117	0.3845	0.48864	0.39623	0.50033	0.53431	0.48653	0.38972
-0.044574	0.24829	0.45374	0.16956	0.30841	0.35317	0.32791	0.33267
0.080702	0.28154	0.35489	0.40186	0.47029	0.45634	0.47211	0.41097
0.43949	0.39737	0.40672	0.39218	0.49909	0.52834	0.49581	0.42773
0.55326	0.59586	0.65277	0.6793	0.61089	0.42356	0.36596	0.31532
0.21693	0.29291	0.2324	0.14103	0.088241	0.16897	0.19785	0.21452
0.67163	0.44831	0.4744	0.36721	0.3929	0.52909	0.51945	0.43341
0.66866	0.64343	0.67654	0.65247	0.53439	0.52378	0.41232	0.38944
0.56957	0.21952	0.35976	0.58741	0.59712	0.58001	0.52114	0.45641
0.23572	0.21546	0.12714	0.011273	0.2987	0.469	0.51756	0.4453
0.73569	0.74504	0.64196	0.56086	0.56095	0.58935	0.50137	0.41051
0.092845	0.19017	0.23513	0.4273	0.45896	0.48583	0.50822	0.45001
0.035685	0.37395	0.40058	0.54719	0.54345	0.51779	0.48279	0.39929
0.26538	0.33891	0.78817	0.77934	0.63215	0.59283	0.5733	0.49031
-0.0023255	-0.2695	0.27806	0.43662	0.3402	0.50778	0.49364	0.43031
-0.0043098	0.056159	0.27075	0.45441	0.43314	0.54128	0.52001	0.439
0.25962	0.24227	0.451	0.5571	0.48206	0.4929	0.44118	0.36702
-0.28574	-0.52936	-0.050807	0.16317	0.31631	0.40582	0.42118	0.39772
0.39476	0.43165	0.68956	0.54875	0.6202	0.61148	0.55633	0.48333
-0.073617	0.27016	0.5067	0.49757	0.53272	0.45355	0.48445	0.39528
0.28837	0.30232	0.29053	0.38361	0.41595	0.46725	0.47593	0.39072
0.45831	0.55636	0.51506	0.5348	0.52756	0.49288	0.4389	0.37392
0.22238	-0.088513	0.29543	0.45455	0.52158	0.54378	0.53802	0.45978
-0.036204	0.47205	0.35045	0.35081	0.34775	0.43013	0.38682	0.3228
0.057033	0.1947	0.31397	0.46993	0.51786	0.48044	0.38555	0.33545
0.26483	0.18674	0.063904	0.27662	0.42006	0.42574	0.41544	0.35342
-0.00074311	-0.099679	-0.015556	0.18806	0.39263	0.37993	0.41758	0.37316
0.010429	-0.060813	-0.057359	0.022944	0.074181	0.17559	0.30272	0.21516
0.1825	0.092943	0.12294	0.26212	0.3153	0.44084	0.45691	0.386
0.17893	0.20567	0.29135	0.29153	0.41292	0.45827	0.45748	0.35398
0.40924	0.48841	0.42591	0.58401	0.59131	0.59907	0.54924	0.45636
0.48112	0.6086	0.60209	0.61569	0.66684	0.62437	0.60157	0.50418
0.29657	0.3244	0.46828	0.32241	0.40996	0.48726	0.46487	0.39202
0.32321	0.46195	0.40384	0.52892	0.45397	0.50341	0.54933	0.46682
0.54196	0.51585	0.62433	0.53075	0.3777	0.41625	0.35536	0.30493
0.37126	0.398	0.47056	0.46115	0.45364	0.40387	0.38373	0.3094
0.69965	0.57696	0.63838	0.40717	0.36572	0.44404	0.41231	0.32838
-0.7246	-0.095499	0.10117	0.23361	0.29491	0.33551	0.42897	0.34313
0.43563	0.34529	0.3208	0.44499	0.64177	0.65299	0.59237	0.49431
-0.27499	0.095171	0.24453	0.31689	0.34829	0.38223	0.36874	0.32835
0.85256	0.77867	0.65043	0.68379	0.70936	0.70819	0.65555	0.57257
0.61209	0.55358	0.5376	0.65772	0.55216	0.50894	0.46403	0.39682
0.47906	0.28379	0.41993	0.30285	0.42616	0.54221	0.51943	0.42725
0.48784	0.26408	0.53255	0.54171	0.57995	0.58556	0.57539	0.49945
0.71066	0.64086	0.79607	0.79825	0.73098	0.60561	0.59177	0.49317
0.48601	0.36755	0.17664	-0.018373	0.29209	0.39901	0.43946	0.38371
-0.055397	0.063112	0.17969	0.49898	0.5654	0.50638	0.49579	0.41562
0.23605	0.1462	0.071409	0.20812	0.31745	0.42501	0.49066	0.43668
-0.029553	0.27954	0.28296	0.56095	0.6051	0.58813	0.57449	0.50358
0.47695	0.37012	0.54687	0.43102	0.41276	0.47925	0.46729	0.37523
0.2369	0.15804	0.061079	0.10887	0.27228	0.4393	0.52439	0.42902
0.54742	0.51939	0.53869	0.64676	0.54981	0.53589	0.52449	0.44922
0.30164	0.21219	0.44832	0.52888	0.57092	0.52496	0.57443	0.50986
0.57718	0.5035	0.59278	0.73179	0.70714	0.65878	0.64102	0.57116
0.21463	0.25065	0.54589	0.54999	0.54496	0.56853	0.55667	0.44633
0.60313	0.61098	0.4771	0.46441	0.3961	0.44631	0.39191	0.32907
0.009775	0.34577	0.64449	0.75194	0.68853	0.64007	0.58349	0.51017
0.41576	0.49674	0.63438	0.54007	0.64542	0.59049	0.53425	0.44052
0.46041	0.63267	0.69251	0.39689	0.47831	0.46222	0.42609	0.33241
-0.047237	0.42615	0.58578	0.4806	0.44544	0.49861	0.55709	0.4822
0.6637	0.63438	0.54534	0.57081	0.57596	0.56141	0.54267	0.45382
-0.053156	-0.10493	-0.26863	0.15158	0.44424	0.33463	0.29917	0.26062
0.5785	0.73842	0.79672	0.64328	0.61698	0.56803	0.56233	0.49866
0.48208	0.40703	0.27658	0.3662	0.4737	0.505	0.48534	0.42868
-0.13916	-0.21896	0.080865	0.28794	0.41529	0.50209	0.4706	0.39463
0.63328	0.73808	0.78817	0.85011	0.77047	0.66363	0.55511	0.48219
0.47848	0.68021	0.48555	0.4174	0.406	0.38217	0.38856	0.32399
0.24176	0.14489	0.18518	0.17715	0.23227	0.43445	0.45592	0.41073
0.1844	0.28824	0.6511	0.62274	0.5036	0.44926	0.48139	0.4457
0.39739	0.70402	0.69821	0.6665	0.59735	0.58248	0.58155	0.4722
0.61235	0.61046	0.63468	0.50507	0.48015	0.5624	0.56354	0.49831
0.78727	0.87403	0.85214	0.77106	0.6667	0.48267	0.49128	0.43828
0.45225	0.39432	0.44272	0.48342	0.39937	0.33952	0.36023	0.30876
-0.47695	0.090107	0.29987	0.31282	0.4611	0.51558	0.51693	0.43825
0.012167	-0.10002	-0.062851	0.20769	0.31462	0.43661	0.48118	0.42153
0.45014	0.3533	0.47593	0.45275	0.54985	0.60181	0.59353	0.48527
0.38752	0.070319	0.41129	0.58639	0.63161	0.7034	0.6419	0.5285
-0.068973	-0.18233	-0.23965	-0.16816	0.084403	0.40732	0.48576	0.4184
-0.37055	-0.3239	0.33741	0.55547	0.59965	0.61508	0.60036	0.53106
-0.33313	-0.10733	0.12915	0.28362	0.41767	0.43932	0.46099	0.42485
0.16841	-0.029963	0.25923	0.38678	0.39314	0.50849	0.48648	0.38984
0.45111	0.55082	0.51898	0.62329	0.60447	0.50385	0.48776	0.41261
-0.55591	-0.3577	-0.26624	-0.15894	-0.071745	0.0021202	0.10811	0.11964
0.52966	0.47313	0.40491	0.36836	0.40182	0.48356	0.47849	0.40423
0.44961	0.66481	0.6578	0.69298	0.61073	0.65964	0.63552	0.5335
0.095376	0.090628	0.31492	0.52225	0.48702	0.46923	0.40578	0.29923
0.73909	0.63883	0.47038	0.50125	0.48553	0.42253	0.40275	0.33983
0.51093	0.66601	0.70175	0.79919	0.67452	0.58489	0.46395	0.39519
0.22784	-0.055161	0.12258	0.34263	0.29717	0.40733	0.37849	0.31369
0.41223	0.34405	0.45209	0.50362	0.4235	0.39159	0.35428	0.31134
0.53381	0.48333	0.58427	0.45347	0.25389	0.34024	0.3042	0.25854
0.70852	0.6699	0.71604	0.64738	0.59852	0.59224	0.56778	0.46761
0.50653	0.64342	0.56732	0.50646	0.52086	0.64745	0.62341	0.53392
0.37099	0.41049	0.22304	0.43188	0.4916	0.54023	0.57186	0.51947
0.12383	0.27167	0.43073	0.56609	0.45217	0.52999	0.44368	0.41148
0.54158	0.4234	0.66208	0.69401	0.62704	0.59657	0.573	0.4882
-0.23696	-0.22964	-0.23511	0.082745	0.12001	0.29562	0.29752	0.24107
0.39139	0.43087	0.51769	0.3732	0.37328	0.36404	0.41452	0.34555
0.50839	0.32769	0.50969	0.54102	0.53911	0.52941	0.52238	0.47133
0.59882	0.28537	0.18391	0.24317	0.3284	0.47493	0.45234	0.35834
0.56369	0.54577	0.43926	0.52898	0.47425	0.42474	0.44161	0.37329
0.13541	-0.094185	-0.039957	0.020847	0.024438	0.14027	0.29962	0.27173
0.55541	0.7222	0.69218	0.71906	0.59527	0.60183	0.52597	0.43297
0.095409	0.31117	0.27329	0.44363	0.39812	0.49039	0.52895	0.46366
0.28126	0.38174	0.32537	0.45095	0.4309	0.55906	0.58884	0.48633
0.31119	0.35152	0.54407	0.71187	0.55997	0.49516	0.36444	0.31671
0.11909	0.16372	0.47898	0.53622	0.5117	0.48961	0.51737	0.41962
0.16414	0.47386	0.51362	0.55651	0.50683	0.39428	0.41727	0.35989
0.10309	0.014168	0.046541	0.16534	0.34376	0.4679	0.49431	0.41773
0.57003	0.62338	0.45071	0.52085	0.57092	0.60149	0.50115	0.39313
0.30944	0.30063	0.11861	0.02585	0.1868	0.46077	0.48112	0.39083
0.24403	0.53943	0.75226	0.67039	0.53242	0.54309	0.56628	0.48409
0.49603	0.46434	0.30845	0.46189	0.37926	0.46724	0.51078	0.42556
0.63142	0.74074	0.43494	0.45626	0.37139	0.45017	0.47126	0.40805
0.17869	-0.0095703	0.27892	0.32163	0.26389	0.25505	0.22327	0.15546
0.67066	0.61764	0.41191	0.59451	0.46061	0.49783	0.53686	0.49365
-0.1663	0.20399	0.10973	0.27274	0.42639	0.37908	0.37234	0.31429
0.50267	0.14745	0.45996	0.40311	0.4336	0.44992	0.38301	0.30214
-0.67096	0.086012	0.59075	0.41194	0.31897	0.39221	0.42477	0.33635
0.29883	0.34654	0.35359	0.25668	0.34776	0.3579	0.40533	0.38094
0.26036	0.40686	0.56483	0.62884	0.52621	0.47947	0.43563	0.36941
0.24978	-0.064824	0.082019	-0.00937	0.24258	0.34023	0.42237	0.34401
0.34538	0.5422	0.50691	0.55078	0.60514	0.54761	0.5221	0.46022
-0.18783	-0.18168	-0.037662	0.15726	0.21245	0.322	0.37653	0.32442
-0.44838	-0.15425	-0.254	-0.13791	0.22241	0.2184	0.36157	0.30408
0.48994	0.6199	0.62761	0.53033	0.58937	0.55463	0.52738	0.43179
0.73551	0.80804	0.74176	0.66123	0.60826	0.55784	0.52795	0.48677
0.48557	0.80427	0.74931	0.75617	0.76696	0.7109	0.62605	0.53754
0.68071	0.58075	0.59753	0.57011	0.5347	0.47339	0.36581	0.28484
0.3093	0.14782	0.22951	0.37103	0.40684	0.4161	0.35008	0.3073
0.35112	0.57209	0.471	0.76248	0.639	0.57408	0.52708	0.43186
0.17465	0.44508	0.47225	0.63028	0.60813	0.60216	0.56081	0.46287
0.31651	0.43355	0.44313	0.53685	0.47437	0.59387	0.52019	0.45271
-0.20201	-0.02532	0.036795	0.21751	0.35746	0.39841	0.3153	0.26634
0.51773	0.55719	0.73893	0.68681	0.51823	0.51493	0.48921	0.39911
0.55521	0.51055	0.43992	0.30906	0.3283	0.39912	0.38136	0.31031
0.52374	0.51077	0.54506	0.48235	0.51255	0.48005	0.46751	0.37536
0.32084	0.46645	0.44978	0.57346	0.69222	0.66221	0.61837	0.52434
0.32145	0.45054	0.60637	0.64202	0.47282	0.46242	0.4656	0.37295
0.38076	0.36007	0.29074	0.37075	0.37051	0.31649	0.33399	0.3014
0.10074	0.33319	0.45474	0.46492	0.43137	0.46413	0.47395	0.421
0.15503	0.19	0.26215	0.37566	0.44549	0.49025	0.4937	0.41034
0.014858	0.35662	0.29496	0.53748	0.6325	0.48623	0.41783	0.34545
0.18053	0.29792	0.34674	0.47903	0.52735	0.49165	0.45653	0.4015
0.41588	0.29889	0.5374	0.46758	0.41991	0.41352	0.45039	0.38198
0.77246	0.76876	0.67997	0.70851	0.64509	0.58875	0.54432	0.45053
0.57904	0.71929	0.7923	0.82729	0.80616	0.76309	0.66381	0.56574
0.13271	0.3295	0.49174	0.64208	0.67864	0.52811	0.45472	0.40397
0.27925	0.37834	0.51099	0.38212	0.30649	0.4521	0.51221	0.43117
0.52528	0.69887	0.70857	0.77305	0.73064	0.57312	0.51826	0.44774
0.56656	0.6004	0.62667	0.71222	0.68081	0.6386	0.63203	0.54498
0.50092	0.59359	0.43461	0.64799	0.59203	0.57455	0.6314	0.55716
-0.1864	-0.18163	-0.091487	0.23163	0.31563	0.30446	0.31739	0.22867
0.67126	0.57832	0.58697	0.39945	0.39317	0.46253	0.45151	0.38275
0.10977	0.2389	0.699	0.75961	0.61879	0.57493	0.5539	0.47716
0.67646	0.67492	0.76577	0.75307	0.65642	0.6053	0.57678	0.49261
0.47337	0.64539	0.59527	0.5216	0.46856	0.38442	0.42213	0.36993
0.59376	0.55165	0.57282	0.62251	0.66022	0.60528	0.52516	0.46267
0.47642	0.42546	0.57258	0.56082	0.57292	0.57606	0.59413	0.51102
0.286	0.22511	-0.11139	0.070082	0.20096	0.37158	0.34943	0.30367
0.57707	0.44924	0.36807	0.41239	0.44558	0.43861	0.39601	0.3583
0.64074	0.56025	0.52854	0.40741	0.36963	0.35379	0.43333	0.40345
0.58788	0.32949	0.42884	0.6328	0.57314	0.55853	0.51663	0.44868
9.6522e-05	0.302	0.40545	0.48257	0.35094	0.46927	0.48325	0.42903
-0.26169	-0.19928	-0.21046	-0.1163	0.24394	0.34615	0.39682	0.34109
0.30748	0.37696	0.15731	0.30586	0.40355	0.45086	0.46141	0.38815
0.64111	0.43753	0.43298	0.37874	0.41137	0.43816	0.44739	0.38007
0.34934	0.25545	0.18072	0.30915	0.38331	0.51187	0.54885	0.48271
0.59525	0.54673	0.67452	0.54361	0.49658	0.51697	0.52976	0.45341
0.46091	0.53728	0.5144	0.45759	0.47577	0.4834	0.5068	0.45188
0.52613	0.61258	0.58086	0.61177	0.40352	0.40777	0.37867	0.32576
-0.042026	0.27015	0.25899	0.3226	0.49594	0.55344	0.55514	0.50622
0.33656	0.29404	0.54778	0.58277	0.54301	0.51435	0.44739	0.36716
-0.12406	-0.31687	-0.154	0.3127	0.34202	0.46448	0.50019	0.44548
0.036042	0.17567	0.58243	0.55447	0.53722	0.50936	0.45414	0.32879
0.24558	0.1536	0.23237	0.24797	0.27692	0.33806	0.34149	0.29402
0.77862	0.6059	0.69685	0.687	0.53445	0.58669	0.55556	0.52016
-0.00084195	0.36863	0.74947	0.71616	0.69569	0.7073	0.61107	0.51648
0.74533	0.7536	0.62182	0.47734	0.34014	0.46151	0.42496	0.34915
0.34091	0.30581	0.27417	0.29514	0.43416	0.52228	0.51853	0.47298
0.64429	0.54617	0.67137	0.65435	0.66432	0.69386	0.67285	0.60053
0.60605	0.47534	0.63498	0.66426	0.61842	0.61727	0.60954	0.51341
0.55636	0.61901	0.63197	0.6718	0.59693	0.53472	0.45921	0.37712
0.53445	0.2818	0.51082	0.62329	0.58803	0.53473	0.51269	0.46085
0.37007	0.40222	0.572	0.56024	0.51271	0.46498	0.43303	0.3568
0.36429	0.45754	0.51803	0.71853	0.70402	0.6153	0.59044	0.49113
-0.13645	0.070277	0.091237	0.40299	0.51368	0.44751	0.46575	0.39345
0.48059	0.66461	0.66837	0.66787	0.61253	0.51139	0.51046	0.41013
-0.22575	0.30649	0.43974	0.42332	0.46604	0.49513	0.51296	0.43759
0.25989	0.26583	0.24331	0.20699	0.27404	0.35128	0.33825	0.28291
0.62869	0.73725	0.8214	0.83347	0.77508	0.66417	0.59933	0.52675
0.19616	0.15171	0.21462	0.50471	0.51815	0.54724	0.53301	0.47853
0.42262	0.1562	0.25786	0.34331	0.42224	0.49596	0.44835	0.34489
0.30537	0.36872	0.44536	0.38923	0.44054	0.472	0.47236	0.37763
-0.017588	0.12076	0.11945	0.018167	0.26777	0.43402	0.45198	0.38654
-0.11882	0.075311	0.14528	0.39078	0.4308	0.38708	0.35588	0.29107
0.35655	0.6197	0.72366	0.64205	0.58538	0.52106	0.54296	0.4536
0.61972	0.72661	0.77366	0.57601	0.53012	0.47118	0.45557	0.39837
0.18906	-0.0066663	0.21725	0.25562	0.27432	0.32479	0.38777	0.31451
-0.016585	0.079567	0.2865	0.32197	0.38571	0.44024	0.45269	0.39914
-0.15321	0.29642	0.29013	0.52063	0.59171	0.5851	0.5421	0.47732
0.31293	0.502	0.64873	0.63487	0.66057	0.591	0.56058	0.42735
-0.0088952	0.069254	-0.024806	0.30897	0.31954	0.47606	0.5074	0.46146
