0.75843	0.67454	0.59697	0.67682	0.48229	0.52626	0.50193	0.45906
NaN	NaN	NaN	NaN	NaN	NaN	NaN	NaN
-0.55241	-0.1024	0.34559	0.26878	0.41573	0.32323	0.38504	0.36085
0.63431	0.57782	0.51198	0.43961	0.41707	0.37009	0.46667	0.40589
NaN	NaN	NaN	NaN	NaN	NaN	NaN	NaN
-0.52463	-0.11667	-0.28058	0.057154	0.32453	0.37273	0.42528	0.37357
NaN	NaN	NaN	NaN	NaN	NaN	NaN	NaN
0.73559	0.32765	0.27775	0.38602	0.44899	0.31478	0.34964	0.31717
0.5401	0.3891	0.46476	0.3445	0.16886	0.38113	0.42632	0.42142
NaN	NaN	NaN	NaN	NaN	NaN	NaN	NaN
0.071954	0.38965	0.35925	0.49819	0.53582	0.65182	0.69342	0.59577
NaN	NaN	NaN	NaN	NaN	NaN	NaN	NaN
NaN	NaN	NaN	NaN	NaN	NaN	NaN	NaN
NaN	NaN	NaN	NaN	NaN	NaN	NaN	NaN
-0.71198	0.13322	0.40255	0.45834	0.60584	0.59484	0.5436	0.39898
NaN	NaN	NaN	NaN	NaN	NaN	NaN	NaN
-0.71259	0.39002	0.41311	0.28412	0.33155	0.37408	0.40305	0.3645
0.57925	0.26957	0.37716	0.82976	0.69976	0.62403	0.46857	0.39365
0.18183	-0.36876	0.14974	0.092519	0.51037	0.62748	0.51851	0.44007
0.61548	0.54922	0.589	0.64568	0.60154	0.46277	0.40224	0.32483
0.31731	0.49761	0.65735	0.62502	0.66994	0.60594	0.57624	0.49042
0.54959	0.30605	0.47535	0.42369	0.45504	0.41561	0.38508	0.32245
NaN	NaN	NaN	NaN	NaN	NaN	NaN	NaN
NaN	NaN	NaN	NaN	NaN	NaN	NaN	NaN
NaN	NaN	NaN	NaN	NaN	NaN	NaN	NaN
NaN	NaN	NaN	NaN	NaN	NaN	NaN	NaN
0.59573	0.79827	0.61298	0.65435	0.67592	0.71406	0.72483	0.5971
NaN	NaN	NaN	NaN	NaN	NaN	NaN	NaN
NaN	NaN	NaN	NaN	NaN	NaN	NaN	NaN
-0.37871	-0.11941	-0.0072556	0.041833	0.087469	0.25153	0.25296	0.21744
-0.23714	0.46462	0.3777	0.33538	0.40143	0.39508	0.43802	0.40133
0.43899	0.60423	0.54673	0.50334	0.39881	0.3692	0.39855	0.3524
NaN	NaN	NaN	NaN	NaN	NaN	NaN	NaN
0.58855	0.49831	0.57559	0.68843	0.63943	0.61809	0.54757	0.52116
-0.18757	0.14477	0.097075	0.4786	0.45317	0.43312	0.50959	0.44076
NaN	NaN	NaN	NaN	NaN	NaN	NaN	NaN
0.72363	0.51432	0.56791	0.39198	0.51952	0.49271	0.53483	0.41746
NaN	NaN	NaN	NaN	NaN	NaN	NaN	NaN
NaN	NaN	NaN	NaN	NaN	NaN	NaN	NaN
0.082742	0.12567	0.039683	-0.15967	0.096135	0.31724	0.46352	0.37038
NaN	NaN	NaN	NaN	NaN	NaN	NaN	NaN
-0.48483	-0.55063	-0.40675	-0.13947	0.20367	0.38995	0.50606	0.45384
0.85067	0.82946	0.81111	0.86322	0.728	0.3187	0.30121	0.30551
NaN	NaN	NaN	NaN	NaN	NaN	NaN	NaN
NaN	NaN	NaN	NaN	NaN	NaN	NaN	NaN
0.57755	0.56052	0.67661	0.67632	0.5548	0.5562	0.56801	0.47101
0.44964	0.79106	0.74612	0.61397	0.55139	0.67535	0.62208	0.52551
0.64312	0.71738	0.70717	0.71059	0.63359	0.58794	0.51512	0.45099
NaN	NaN	NaN	NaN	NaN	NaN	NaN	NaN
NaN	NaN	NaN	NaN	NaN	NaN	NaN	NaN
0.55831	0.59409	0.51752	0.46062	0.37691	0.63593	0.61831	0.522
0.44051	0.28198	0.13599	0.046339	0.22042	0.43311	0.42211	0.31476
NaN	NaN	NaN	NaN	NaN	NaN	NaN	NaN
0.1373	0.51396	0.33269	0.52637	0.48054	0.58836	0.66083	0.58377
NaN	NaN	NaN	NaN	NaN	NaN	NaN	NaN
-0.59963	0.37952	0.62793	0.33729	0.32994	0.33332	0.37428	0.39246
0.51084	0.67022	0.77169	0.66504	0.55933	0.4917	0.54542	0.45738
NaN	NaN	NaN	NaN	NaN	NaN	NaN	NaN
NaN	NaN	NaN	NaN	NaN	NaN	NaN	NaN
0.32601	0.24533	0.41298	0.40833	0.39343	0.51099	0.54682	0.50056
0.6506	0.60707	0.77391	0.64815	0.63016	0.59524	0.5607	0.48578
0.38364	0.4284	0.36736	0.53437	0.47892	0.45637	0.44968	0.39717
0.35667	0.44476	0.41655	0.62161	0.67239	0.60246	0.55426	0.50706
0.59671	0.18461	-0.066235	-0.03757	0.15849	0.4103	0.46526	0.36866
0.62598	0.48626	0.70825	0.76477	0.63796	0.66418	0.57131	0.51244
0.52375	0.73401	0.69527	0.66842	0.50478	0.43927	0.45097	0.36145
-0.69041	-0.13867	0.70177	0.59955	0.58032	0.50814	0.47211	0.38963
NaN	NaN	NaN	NaN	NaN	NaN	NaN	NaN
NaN	NaN	NaN	NaN	NaN	NaN	NaN	NaN
-0.53008	-0.27146	0.027295	0.24905	0.49501	0.65319	0.63124	0.57043
0.31881	0.274	0.49462	0.45285	0.47314	0.4815	0.53984	0.49408
0.75112	0.093969	0.53129	0.69512	0.60445	0.5816	0.4962	0.4444
NaN	NaN	NaN	NaN	NaN	NaN	NaN	NaN
-0.78312	-0.78137	-0.33509	-0.16491	0.064834	0.29739	0.40924	0.337
NaN	NaN	NaN	NaN	NaN	NaN	NaN	NaN
NaN	NaN	NaN	NaN	NaN	NaN	NaN	NaN
NaN	NaN	NaN	NaN	NaN	NaN	NaN	NaN
0.1869	0.26292	0.72646	0.81368	0.62639	0.60729	0.58538	0.51351
0.51336	0.68452	0.78133	0.80268	0.81265	0.70979	0.65246	0.54328
-0.30791	0.23971	0.03412	-0.38717	0.071349	0.32198	0.38835	0.34803
0.65332	0.77689	0.65255	0.63521	0.62521	0.67806	0.62928	0.58639
NaN	NaN	NaN	NaN	NaN	NaN	NaN	NaN
0.1168	0.57414	0.58728	0.72061	0.64065	0.60083	0.58915	0.49847
0.46127	0.44747	0.29085	0.49928	0.499	0.44847	0.41308	0.3561
NaN	NaN	NaN	NaN	NaN	NaN	NaN	NaN
-0.63053	-0.12407	-0.033628	-0.065426	0.2078	0.22374	0.28687	0.24212
0.74657	0.59489	0.60763	0.72614	0.70064	0.59826	0.63604	0.56778
0.70506	0.59355	0.6865	0.2139	0.52242	0.44591	0.43803	0.38255
0.67089	0.59785	0.49369	0.54317	0.52679	0.66374	0.69337	0.58198
NaN	NaN	NaN	NaN	NaN	NaN	NaN	NaN
0.38595	0.5008	0.48697	0.54224	0.59131	0.59164	0.50211	0.42121
-0.11542	0.00054949	0.080747	0.40032	0.4521	0.49505	0.4846	0.41559
0.62626	0.5975	0.68937	0.68295	0.66979	0.59448	0.5699	0.42712
NaN	NaN	NaN	NaN	NaN	NaN	NaN	NaN
0.32078	0.37834	0.53244	0.42535	0.50226	0.46155	0.52209	0.47203
0.26062	0.081073	0.34857	0.38304	0.40935	0.45822	0.3984	0.34258
0.73555	0.71536	0.62463	0.59334	0.63562	0.62455	0.54062	0.46178
0.43345	0.81632	0.76452	0.63732	0.5485	0.66043	0.60027	0.51991
0.55911	0.52447	0.26529	0.24491	0.37133	0.4308	0.44323	0.39992
NaN	NaN	NaN	NaN	NaN	NaN	NaN	NaN
0.765	0.81409	0.84952	0.76067	0.67048	0.64392	0.58286	0.4696
NaN	NaN	NaN	NaN	NaN	NaN	NaN	NaN
0.55392	0.73146	0.75108	0.74865	0.69745	0.62333	0.57501	0.48797
NaN	NaN	NaN	NaN	NaN	NaN	NaN	NaN
-0.46495	0.75304	0.73888	0.50188	0.65084	0.63219	0.61455	0.49152
0.10078	0.47088	0.53779	0.47586	0.43169	0.48047	0.43205	0.31727
NaN	NaN	NaN	NaN	NaN	NaN	NaN	NaN
NaN	NaN	NaN	NaN	NaN	NaN	NaN	NaN
0.50469	0.41086	0.40788	0.49459	0.51957	0.47094	0.37341	0.31452
0.63561	0.56936	0.4045	0.45532	0.45066	0.5503	0.56418	0.45649
NaN	NaN	NaN	NaN	NaN	NaN	NaN	NaN
NaN	NaN	NaN	NaN	NaN	NaN	NaN	NaN
NaN	NaN	NaN	NaN	NaN	NaN	NaN	NaN
NaN	NaN	NaN	NaN	NaN	NaN	NaN	NaN
-0.35673	0.20353	0.054963	-0.046793	0.10987	0.2853	0.32971	0.27487
NaN	NaN	NaN	NaN	NaN	NaN	NaN	NaN
-0.57083	0.39121	0.19122	0.22337	0.14546	0.19581	0.31571	0.29258
0.54865	0.66013	0.58213	0.54506	0.50662	0.43475	0.31577	0.25066
NaN	NaN	NaN	NaN	NaN	NaN	NaN	NaN
NaN	NaN	NaN	NaN	NaN	NaN	NaN	NaN
0.6524	0.66825	-0.032783	0.17839	0.30788	0.3793	0.4729	0.39519
NaN	NaN	NaN	NaN	NaN	NaN	NaN	NaN
0.4581	0.34066	0.61797	0.50115	0.3599	0.48083	0.47162	0.41162
0.56995	0.56627	0.66212	0.72939	0.66986	0.65892	0.61378	0.51287
0.33922	0.30922	0.55358	0.59656	0.53564	0.35768	0.23689	0.21975
0.30083	0.25245	0.38298	0.41874	0.42768	0.56042	0.50361	0.46713
NaN	NaN	NaN	NaN	NaN	NaN	NaN	NaN
NaN	NaN	NaN	NaN	NaN	NaN	NaN	NaN
NaN	NaN	NaN	NaN	NaN	NaN	NaN	NaN
0.37459	0.11729	0.64873	0.68001	0.66239	0.6458	0.61512	0.53084
NaN	NaN	NaN	NaN	NaN	NaN	NaN	NaN
0.66603	0.63984	0.77057	0.74841	0.6363	0.5697	0.50991	0.41945
0.022339	0.07723	0.0086802	-0.018135	0.19787	0.38963	0.42785	0.39686
-0.76338	-0.69899	-0.38512	-0.18209	0.03947	0.33689	0.35006	0.29552
NaN	NaN	NaN	NaN	NaN	NaN	NaN	NaN
0.13767	0.13726	0.22344	0.38467	0.3514	0.41017	0.41144	0.38059
-0.71794	-0.68005	-0.19653	-0.24483	0.48612	0.61385	0.63295	0.54095
0.88162	0.84962	0.86767	0.81891	0.65824	0.50782	0.52253	0.52994
-0.11118	0.24186	0.37684	0.46224	0.39354	0.3471	0.30403	0.33979
NaN	NaN	NaN	NaN	NaN	NaN	NaN	NaN
0.65241	0.56732	0.79505	0.8144	0.83215	0.73344	0.67319	0.54774
0.69703	0.59203	0.73305	0.89079	0.56563	0.54275	0.63208	0.55851
NaN	NaN	NaN	NaN	NaN	NaN	NaN	NaN
NaN	NaN	NaN	NaN	NaN	NaN	NaN	NaN
-0.59593	0.29715	0.46087	0.4044	0.26454	0.27957	0.25576	0.29018
-0.54394	0.25991	0.65341	0.62639	0.60798	0.54758	0.5368	0.473
0.4563	0.41437	0.33926	0.43879	0.22579	0.33608	0.28285	0.25185
0.55346	0.57096	0.57473	0.55265	0.36425	0.49439	0.53714	0.49715
0.63243	0.63837	0.59214	0.64143	0.63956	0.552	0.51168	0.40192
NaN	NaN	NaN	NaN	NaN	NaN	NaN	NaN
NaN	NaN	NaN	NaN	NaN	NaN	NaN	NaN
0.86014	0.89082	0.81346	0.72676	0.63206	0.52979	0.39287	0.29352
0.45884	0.42494	0.46792	0.59383	0.57461	0.52669	0.53772	0.45773
0.70663	0.67951	0.68568	0.61062	0.51818	0.4347	0.42182	0.35211
NaN	NaN	NaN	NaN	NaN	NaN	NaN	NaN
0.20139	0.079612	-0.12399	0.49687	0.51978	0.60677	0.64784	0.53965
0.77952	0.859	0.85202	0.83804	0.75453	0.73543	0.62158	0.54962
-0.16713	-0.66257	-0.79186	-0.24881	0.10632	0.21065	0.2608	0.23541
NaN	NaN	NaN	NaN	NaN	NaN	NaN	NaN
0.52887	0.67109	0.77306	0.83457	0.60957	0.59493	0.53577	0.46141
-0.37065	-0.067458	0.01619	0.30776	0.35948	0.45757	0.38551	0.32551
0.90199	0.87632	0.88951	0.89677	0.74336	0.62434	0.55919	0.48867
0.68655	0.48634	0.02204	0.57976	0.54233	0.47318	0.57918	0.50408
0.43654	0.26309	0.47428	0.6756	0.48031	0.32964	0.34375	0.26398
NaN	NaN	NaN	NaN	NaN	NaN	NaN	NaN
NaN	NaN	NaN	NaN	NaN	NaN	NaN	NaN
NaN	NaN	NaN	NaN	NaN	NaN	NaN	NaN
NaN	NaN	NaN	NaN	NaN	NaN	NaN	NaN
NaN	NaN	NaN	NaN	NaN	NaN	NaN	NaN
NaN	NaN	NaN	NaN	NaN	NaN	NaN	NaN
0.012842	0.050335	-0.10617	0.033802	0.13235	0.44847	0.47906	0.42722
0.071594	0.8172	0.55957	0.63167	0.6003	0.58617	0.55043	0.50352
NaN	NaN	NaN	NaN	NaN	NaN	NaN	NaN
NaN	NaN	NaN	NaN	NaN	NaN	NaN	NaN
0.56678	0.49673	0.2729	0.51623	0.55755	0.63264	0.6221	0.53634
-0.15923	0.077597	0.47283	0.44251	0.5248	0.63101	0.58718	0.47895
0.19467	-0.030076	-0.056623	0.32937	0.32814	0.39173	0.35457	0.28417
0.71976	0.53851	0.46386	0.61683	0.55457	0.43082	0.40879	0.35323
-0.33352	-0.55605	0.46018	0.54561	0.35545	0.34619	0.27771	0.22357
NaN	NaN	NaN	NaN	NaN	NaN	NaN	NaN
0.66636	0.53612	0.53301	0.61601	0.5257	0.38132	0.31849	0.29993
0.6091	0.12101	-0.017044	0.019849	0.22116	0.33871	0.33016	0.33262
NaN	NaN	NaN	NaN	NaN	NaN	NaN	NaN
NaN	NaN	NaN	NaN	NaN	NaN	NaN	NaN
0.70698	0.69991	0.60604	0.43363	0.44402	0.44713	0.44955	0.44228
NaN	NaN	NaN	NaN	NaN	NaN	NaN	NaN
0.59192	0.50377	0.66927	0.69116	0.67222	0.61463	0.54372	0.47528
0.636	0.79445	0.34939	0.31607	0.35907	0.55809	0.58452	0.48759
-0.6341	-0.043846	0.25941	0.38224	0.41564	0.34107	0.36298	0.33081
NaN	NaN	NaN	NaN	NaN	NaN	NaN	NaN
-0.070932	0.12858	0.029803	0.048955	0.26398	0.30076	0.34511	0.27326
NaN	NaN	NaN	NaN	NaN	NaN	NaN	NaN
0.382	0.2458	-0.05284	-0.021759	0.059924	0.25368	0.29308	0.28383
NaN	NaN	NaN	NaN	NaN	NaN	NaN	NaN
0.38153	0.72388	0.88689	0.8771	0.74698	0.62197	0.53346	0.45691
NaN	NaN	NaN	NaN	NaN	NaN	NaN	NaN
0.3568	0.36239	0.16867	0.47259	0.51249	0.53123	0.47492	0.37996
0.48347	0.45515	0.38644	0.42152	0.36674	0.35437	0.29606	0.28249
0.66223	0.6338	0.56167	0.62993	0.5652	0.61585	0.66644	0.62642
NaN	NaN	NaN	NaN	NaN	NaN	NaN	NaN
NaN	NaN	NaN	NaN	NaN	NaN	NaN	NaN
NaN	NaN	NaN	NaN	NaN	NaN	NaN	NaN
0.23979	0.66117	0.68198	0.64185	0.596	0.622	0.57463	0.48026
0.67756	0.6974	0.78467	0.746	0.65195	0.59352	0.52211	0.4266
NaN	NaN	NaN	NaN	NaN	NaN	NaN	NaN
0.46448	0.58589	0.70303	0.72529	0.54841	0.43288	0.35817	0.27608
NaN	NaN	NaN	NaN	NaN	NaN	NaN	NaN
0.67143	0.70992	0.69475	0.6123	0.59806	0.6088	0.55776	0.51489
NaN	NaN	NaN	NaN	NaN	NaN	NaN	NaN
NaN	NaN	NaN	NaN	NaN	NaN	NaN	NaN
0.50826	0.63652	0.6793	0.59327	0.55122	0.46566	0.41469	0.41167
0.68393	0.3875	0.29422	0.02081	0.12466	0.26274	0.22847	0.19938
NaN	NaN	NaN	NaN	NaN	NaN	NaN	NaN
NaN	NaN	NaN	NaN	NaN	NaN	NaN	NaN
0.40578	0.32563	0.33368	0.1606	0.38234	0.42344	0.44426	0.39887
0.78571	0.65415	0.49288	0.2051	0.33492	0.49106	0.47457	0.43635
0.71526	0.68051	0.4903	0.67922	0.53314	0.4823	0.4001	0.3204
NaN	NaN	NaN	NaN	NaN	NaN	NaN	NaN
-0.10572	0.46463	0.50206	0.57976	0.5831	0.54299	0.50107	0.39928
NaN	NaN	NaN	NaN	NaN	NaN	NaN	NaN
NaN	NaN	NaN	NaN	NaN	NaN	NaN	NaN
NaN	NaN	NaN	NaN	NaN	NaN	NaN	NaN
0.40468	0.49172	0.7185	0.59008	0.57207	0.50574	0.48444	0.39919
NaN	NaN	NaN	NaN	NaN	NaN	NaN	NaN
-0.13466	-0.36709	-0.075179	0.15367	0.35665	0.16676	0.27278	0.21806
-0.77006	0.40129	0.32196	0.72979	0.68598	0.65045	0.71468	0.67387
NaN	NaN	NaN	NaN	NaN	NaN	NaN	NaN
0.60246	0.53194	0.57214	0.51047	0.23236	0.32648	0.25708	0.20073
0.044839	0.24095	0.39851	0.58281	0.43156	0.41598	0.48552	0.41855
0.37602	0.52958	0.66428	0.68436	0.66912	0.74961	0.69101	0.63128
0.61779	0.83606	0.26007	0.26894	0.35786	0.49532	0.49688	0.40599
NaN	NaN	NaN	NaN	NaN	NaN	NaN	NaN
0.38993	0.4734	0.69321	0.7343	0.68897	0.62486	0.55008	0.4606
NaN	NaN	NaN	NaN	NaN	NaN	NaN	NaN
NaN	NaN	NaN	NaN	NaN	NaN	NaN	NaN
NaN	NaN	NaN	NaN	NaN	NaN	NaN	NaN
NaN	NaN	NaN	NaN	NaN	NaN	NaN	NaN
NaN	NaN	NaN	NaN	NaN	NaN	NaN	NaN
0.45862	0.32735	0.2353	0.4229	0.34983	0.5314	0.51759	0.43619
NaN	NaN	NaN	NaN	NaN	NaN	NaN	NaN
-0.75216	0.34217	0.61834	0.66856	0.43894	0.53198	0.56802	0.50036
0.4842	0.54192	0.44804	0.51097	0.34933	0.3151	0.2427	0.27116
0.73936	0.80842	0.69744	0.7412	0.62936	0.62295	0.65868	0.56321
NaN	NaN	NaN	NaN	NaN	NaN	NaN	NaN
NaN	NaN	NaN	NaN	NaN	NaN	NaN	NaN
NaN	NaN	NaN	NaN	NaN	NaN	NaN	NaN
NaN	NaN	NaN	NaN	NaN	NaN	NaN	NaN
-0.30681	-0.27219	0.63148	0.69894	0.53886	0.3812	0.44257	0.37123
-0.11838	0.13295	-0.031133	0.060988	0.27831	0.33111	0.29567	0.27234
0.61233	0.67797	0.56352	0.55876	0.52853	0.56637	0.5882	0.48924
0.56141	0.47872	0.37628	0.32143	0.28344	0.052933	0.083988	0.059075
NaN	NaN	NaN	NaN	NaN	NaN	NaN	NaN
0.48417	0.58283	0.34405	0.33566	0.33178	0.27908	0.31802	0.27461
0.31771	0.72451	0.62491	0.70531	0.55863	0.48013	0.47211	0.39946
0.71033	0.82623	0.7777	0.66989	0.62939	0.41769	0.40294	0.39746
0.01974	0.34459	0.6189	0.4557	0.46234	0.44622	0.5046	0.45031
0.73233	0.79549	0.89766	0.81973	0.62401	0.52839	0.46495	0.36718
NaN	NaN	NaN	NaN	NaN	NaN	NaN	NaN
-0.055496	-0.28892	-0.68339	-0.54075	0.059351	0.32439	0.37964	0.33075
0.61572	0.49415	0.36963	0.36723	0.39441	0.34619	0.41713	0.40036
0.80932	0.66798	0.68415	0.71581	0.53016	0.54506	0.43549	0.37009
0.28814	-0.10633	0.1592	0.25981	0.29799	0.39171	0.42796	0.37292
0.60028	0.53641	0.38331	0.50293	0.36418	0.47755	0.49686	0.41126
-0.72717	0.040954	0.26554	0.18728	0.1239	0.29732	0.33585	0.30761
0.4533	0.49165	0.59368	0.73628	0.62011	0.6319	0.58123	0.45589
0.63308	0.66584	0.61573	0.27966	0.30317	0.39795	0.44592	0.35875
NaN	NaN	NaN	NaN	NaN	NaN	NaN	NaN
NaN	NaN	NaN	NaN	NaN	NaN	NaN	NaN
NaN	NaN	NaN	NaN	NaN	NaN	NaN	NaN
0.74842	0.7373	0.79633	0.83305	0.66772	0.65281	0.63698	0.49565
-0.63392	0.042	0.16545	0.58327	0.58584	0.52029	0.52714	0.49462
0.47134	0.48198	0.47627	0.57824	0.57133	0.59741	0.53101	0.48309
NaN	NaN	NaN	NaN	NaN	NaN	NaN	NaN
0.73119	0.80119	0.73467	0.63422	0.6804	0.64515	0.59716	0.48535
NaN	NaN	NaN	NaN	NaN	NaN	NaN	NaN
NaN	NaN	NaN	NaN	NaN	NaN	NaN	NaN
0.096274	0.11224	-0.01258	0.024158	0.15215	0.30773	0.3501	0.30104
0.48876	0.486	0.56919	0.51192	0.39441	0.38815	0.37351	0.34416
0.51286	0.49779	0.54831	0.69871	0.57895	0.70993	0.5935	0.46334
NaN	NaN	NaN	NaN	NaN	NaN	NaN	NaN
0.53254	0.35502	0.7199	0.32842	0.35379	0.31815	0.3401	0.30698
NaN	NaN	NaN	NaN	NaN	NaN	NaN	NaN
-0.55648	0.47858	0.55351	0.57772	0.63281	0.53587	0.47149	0.38558
NaN	NaN	NaN	NaN	NaN	NaN	NaN	NaN
NaN	NaN	NaN	NaN	NaN	NaN	NaN	NaN
0.88612	0.85259	0.91014	0.75816	0.76153	0.74952	0.67528	0.53042
NaN	NaN	NaN	NaN	NaN	NaN	NaN	NaN
0.61036	0.40616	0.56861	0.62666	0.56131	0.49499	0.45734	0.39358
0.53542	0.339	0.29458	0.025762	0.081537	0.19806	0.24586	0.19399
0.14274	0.083486	0.40474	0.4846	0.50853	0.58899	0.62795	0.51235
0.75179	0.7629	0.67248	0.68284	0.65438	0.56786	0.45752	0.38112
NaN	NaN	NaN	NaN	NaN	NaN	NaN	NaN
NaN	NaN	NaN	NaN	NaN	NaN	NaN	NaN
-0.89342	0.24585	0.12632	0.34655	0.426	0.50076	0.49682	0.42401
NaN	NaN	NaN	NaN	NaN	NaN	NaN	NaN
0.38599	0.62031	0.72767	0.80928	0.67383	0.5787	0.53517	0.45249
NaN	NaN	NaN	NaN	NaN	NaN	NaN	NaN
NaN	NaN	NaN	NaN	NaN	NaN	NaN	NaN
0.72088	0.6597	0.71154	0.66781	0.70024	0.56417	0.5577	0.44385
NaN	NaN	NaN	NaN	NaN	NaN	NaN	NaN
0.16127	0.19203	0.34156	0.36761	0.4501	0.5177	0.44279	0.41506
0.61718	0.33974	0.27546	0.33371	0.38419	0.41931	0.48449	0.43044
0.59048	0.25353	0.48308	0.71395	0.51703	0.48382	0.43964	0.3045
0.81472	0.7405	0.7846	0.76547	0.74842	0.70155	0.71674	0.64177
NaN	NaN	NaN	NaN	NaN	NaN	NaN	NaN
NaN	NaN	NaN	NaN	NaN	NaN	NaN	NaN
0.6092	0.6162	0.6676	0.54914	0.46449	0.438	0.39379	0.31124
NaN	NaN	NaN	NaN	NaN	NaN	NaN	NaN
NaN	NaN	NaN	NaN	NaN	NaN	NaN	NaN
-0.47624	-0.35065	0.094028	0.53863	0.63987	0.4976	0.51686	0.45629
0.41865	0.38846	0.57091	0.42823	0.35594	0.39302	0.40689	0.33393
NaN	NaN	NaN	NaN	NaN	NaN	NaN	NaN
NaN	NaN	NaN	NaN	NaN	NaN	NaN	NaN
NaN	NaN	NaN	NaN	NaN	NaN	NaN	NaN
NaN	NaN	NaN	NaN	NaN	NaN	NaN	NaN
NaN	NaN	NaN	NaN	NaN	NaN	NaN	NaN
-0.83571	-0.63527	-0.55548	-0.61144	-0.038516	0.31199	0.47492	0.47212
0.34629	0.50956	0.59095	0.70486	0.63886	0.67569	0.62705	0.54507
0.80942	0.66062	0.55252	0.61477	0.44675	0.39199	0.43964	0.34739
NaN	NaN	NaN	NaN	NaN	NaN	NaN	NaN
0.76601	0.74565	0.78286	0.83832	0.76429	0.7062	0.67734	0.58023
0.7666	0.65604	0.68852	0.79418	0.68553	0.78559	0.76229	0.66398
0.64785	0.7297	0.65415	0.77863	0.69688	0.61503	0.58565	0.52001
NaN	NaN	NaN	NaN	NaN	NaN	NaN	NaN
NaN	NaN	NaN	NaN	NaN	NaN	NaN	NaN
0.032751	0.17531	0.39232	0.31101	0.33396	0.35061	0.28005	0.15227
NaN	NaN	NaN	NaN	NaN	NaN	NaN	NaN
NaN	NaN	NaN	NaN	NaN	NaN	NaN	NaN
0.4106	0.076563	0.43028	0.49241	0.36128	0.22891	0.33026	0.28818
-0.77062	-0.73002	-0.28886	0.50396	0.57092	0.47385	0.49552	0.43521
NaN	NaN	NaN	NaN	NaN	NaN	NaN	NaN
0.42637	0.20332	-0.17521	0.32266	0.4157	0.4534	0.46681	0.39449
0.019294	0.18851	0.24568	0.26211	0.23075	0.34192	0.33226	0.26083
-0.1423	0.085926	-0.20298	-0.14408	0.38423	0.46015	0.48953	0.42614
0.44157	0.26563	0.14736	-0.04731	0.02598	0.099202	0.19149	0.19324
NaN	NaN	NaN	NaN	NaN	NaN	NaN	NaN
0.50969	0.56307	0.53252	0.51352	0.62285	0.59637	0.54503	0.41307
0.03246	0.28583	0.2891	0.44652	0.45357	0.44626	0.41422	0.35233
0.73389	0.49277	0.31297	-0.12077	0.3756	0.38686	0.48494	0.41654
0.50495	0.26301	0.52906	0.62861	0.58463	0.50361	0.49158	0.42809
NaN	NaN	NaN	NaN	NaN	NaN	NaN	NaN
NaN	NaN	NaN	NaN	NaN	NaN	NaN	NaN
0.45357	0.55585	0.54376	0.59637	0.3811	0.49561	0.44613	0.42128
NaN	NaN	NaN	NaN	NaN	NaN	NaN	NaN
0.48399	0.79293	0.74032	0.63608	0.56949	0.66225	0.63286	0.52686
-0.67155	0.51192	0.34181	0.40897	0.47254	0.61973	0.581	0.46862
0.66532	0.68978	0.87676	0.62677	0.57778	0.56254	0.49124	0.43225
0.42026	0.49236	0.35961	0.082316	0.06947	0.40957	0.44832	0.36371
NaN	NaN	NaN	NaN	NaN	NaN	NaN	NaN
NaN	NaN	NaN	NaN	NaN	NaN	NaN	NaN
-0.40318	-0.30753	0.026829	0.28057	0.4446	0.54444	0.53675	0.42726
-0.84135	0.7122	0.76444	0.74728	0.75724	0.72941	0.71993	0.59669
NaN	NaN	NaN	NaN	NaN	NaN	NaN	NaN
0.57438	0.65206	0.71021	0.75475	0.3832	0.24684	0.27586	0.22726
0.52871	0.56732	0.56773	0.77545	0.68919	0.63781	0.66127	0.57426
0.10112	0.015915	-0.010753	0.061208	0.19553	0.38578	0.4107	0.40007
-0.25926	0.12005	0.27773	0.31151	0.010941	0.037283	0.1615	0.19809
-0.54353	-0.019745	0.60712	0.70265	0.64783	0.54102	0.49806	0.40179
-0.74777	0.21742	0.31748	0.54081	0.50343	0.3629	0.4876	0.43652
0.047246	0.04078	0.34426	0.48996	0.34437	0.43482	0.47501	0.41992
0.51253	0.54939	0.70282	0.66456	0.485	0.45718	0.40957	0.4097
NaN	NaN	NaN	NaN	NaN	NaN	NaN	NaN
-0.78513	-0.47679	-0.14687	0.36246	0.25355	0.38583	0.43779	0.4215
NaN	NaN	NaN	NaN	NaN	NaN	NaN	NaN
0.5994	0.5815	0.48285	0.43217	0.58058	0.58481	0.4887	0.42031
0.27994	0.47817	0.54998	0.61763	0.53749	0.62964	0.66882	0.6233
NaN	NaN	NaN	NaN	NaN	NaN	NaN	NaN
0.43643	0.45622	0.59616	0.43443	0.27948	0.44449	0.44066	0.35972
0.83723	0.76521	0.68624	0.67001	0.59642	0.54556	0.4563	0.3742
0.2445	0.083413	0.050415	0.18517	0.53962	0.50025	0.48834	0.40776
-0.11785	0.19265	0.35906	0.48784	0.48338	0.41762	0.40812	0.3264
0.5092	0.21778	0.19759	0.079792	0.14793	0.27476	0.29631	0.31512
0.62333	0.68244	0.58579	0.61569	0.65674	0.73165	0.72443	0.65439
0.78328	0.74422	0.53651	0.63809	0.61146	0.59292	0.57082	0.53593
NaN	NaN	NaN	NaN	NaN	NaN	NaN	NaN
NaN	NaN	NaN	NaN	NaN	NaN	NaN	NaN
NaN	NaN	NaN	NaN	NaN	NaN	NaN	NaN
NaN	NaN	NaN	NaN	NaN	NaN	NaN	NaN
0.61809	0.73291	0.67219	0.4366	0.42674	0.45239	0.44726	0.33896
0.05319	0.5226	0.65081	0.75772	0.66875	0.64087	0.59794	0.52698
NaN	NaN	NaN	NaN	NaN	NaN	NaN	NaN
-0.47661	-0.32028	-0.38357	-0.33725	0.09293	0.39883	0.49391	0.4665
0.59916	0.46792	0.4355	0.74137	0.65725	0.63556	0.68013	0.59926
NaN	NaN	NaN	NaN	NaN	NaN	NaN	NaN
0.42789	0.25671	0.21832	0.37883	0.40483	0.45717	0.51462	0.47027
0.63136	0.74387	0.62317	0.63814	0.61796	0.56291	0.54891	0.48985
0.41592	0.84088	0.8381	0.64474	0.56662	0.66104	0.64144	0.55932
0.61951	0.64181	0.50708	0.2915	0.33727	0.4749	0.40294	0.27623
NaN	NaN	NaN	NaN	NaN	NaN	NaN	NaN
NaN	NaN	NaN	NaN	NaN	NaN	NaN	NaN
NaN	NaN	NaN	NaN	NaN	NaN	NaN	NaN
NaN	NaN	NaN	NaN	NaN	NaN	NaN	NaN
0.34306	0.4837	0.32898	0.36581	0.43281	0.55775	0.54578	0.50001
NaN	NaN	NaN	NaN	NaN	NaN	NaN	NaN
NaN	NaN	NaN	NaN	NaN	NaN	NaN	NaN
NaN	NaN	NaN	NaN	NaN	NaN	NaN	NaN
0.55325	0.45616	0.49725	0.62444	0.51175	0.51875	0.52698	0.42482
0.015334	0.31305	0.24645	0.17871	0.26707	0.45069	0.50352	0.44225
NaN	NaN	NaN	NaN	NaN	NaN	NaN	NaN
0.33192	0.30607	0.47892	0.51644	0.44783	0.3604	0.24489	0.26901
NaN	NaN	NaN	NaN	NaN	NaN	NaN	NaN
NaN	NaN	NaN	NaN	NaN	NaN	NaN	NaN
-0.62455	-0.41776	0.11714	-0.081083	0.43942	0.49125	0.518	0.46158
0.58006	0.45402	0.55694	0.55128	0.50828	0.28146	0.25557	0.2378
0.34955	0.29157	0.47757	0.32889	0.40058	0.37566	0.37214	0.31873
0.521	0.35219	0.254	-0.21985	0.17871	0.42156	0.46123	0.41982
0.085602	0.33911	0.72517	0.72908	0.62329	0.47629	0.39945	0.40512
NaN	NaN	NaN	NaN	NaN	NaN	NaN	NaN
0.5045	0.42733	0.61697	0.64749	0.55856	0.37078	0.41293	0.40447
-0.27876	-0.19335	0.17856	0.24175	0.38668	0.42504	0.42905	0.37082
NaN	NaN	NaN	NaN	NaN	NaN	NaN	NaN
0.6253	0.81242	0.68674	0.42172	0.41092	0.46904	0.38018	0.30049
NaN	NaN	NaN	NaN	NaN	NaN	NaN	NaN
0.64259	0.53505	0.43951	0.48822	0.38196	0.49031	0.51201	0.44888
NaN	NaN	NaN	NaN	NaN	NaN	NaN	NaN
NaN	NaN	NaN	NaN	NaN	NaN	NaN	NaN
NaN	NaN	NaN	NaN	NaN	NaN	NaN	NaN
0.59798	0.23304	-0.053256	0.21873	0.32644	0.45908	0.44132	0.39778
0.44358	0.33512	0.38313	0.62059	0.54692	0.59067	0.5889	0.50358
0.73446	0.75439	0.82221	0.87891	0.75256	0.5358	0.51633	0.46956
0.75015	0.70195	0.26838	0.32289	0.34921	0.4097	0.35263	0.32423
0.58545	0.82982	0.8277	0.72068	0.64484	0.58996	0.49086	0.32043
0.26237	0.21113	0.36993	0.30415	0.37113	0.30251	0.25855	0.26714
-0.12265	0.13975	0.18514	0.34111	0.41876	0.38054	0.35959	0.30629
0.60247	0.47104	0.57919	0.55311	0.67988	0.64924	0.5915	0.53632
NaN	NaN	NaN	NaN	NaN	NaN	NaN	NaN
0.16994	0.34025	0.0076362	0.17752	0.33534	0.40003	0.43004	0.36914
NaN	NaN	NaN	NaN	NaN	NaN	NaN	NaN
NaN	NaN	NaN	NaN	NaN	NaN	NaN	NaN
NaN	NaN	NaN	NaN	NaN	NaN	NaN	NaN
0.77633	0.80377	0.82756	0.59026	0.46563	0.58968	0.59136	0.50818
0.1681	-0.45405	-0.7146	-0.15458	0.16789	0.42783	0.48411	0.4469
NaN	NaN	NaN	NaN	NaN	NaN	NaN	NaN
0.45623	0.092209	-0.13788	0.32064	0.31551	0.35858	0.42526	0.36926
-0.74636	-0.096434	0.24419	0.50042	0.63663	0.62518	0.62649	0.59786
0.72926	0.71714	0.077971	0.24109	0.49486	0.41128	0.40671	0.37898
NaN	NaN	NaN	NaN	NaN	NaN	NaN	NaN
-0.25278	-0.11368	-0.14725	0.19008	0.41029	0.55005	0.58526	0.54097
0.58684	0.71098	0.46364	0.57853	0.57112	0.54061	0.51947	0.47893
NaN	NaN	NaN	NaN	NaN	NaN	NaN	NaN
NaN	NaN	NaN	NaN	NaN	NaN	NaN	NaN
NaN	NaN	NaN	NaN	NaN	NaN	NaN	NaN
NaN	NaN	NaN	NaN	NaN	NaN	NaN	NaN
0.29892	0.33551	0.32528	0.29719	0.36587	0.44393	0.44618	0.42075
0.36898	0.36617	0.20205	0.46499	0.53655	0.49325	0.48102	0.40676
-0.066432	0.61389	0.65478	0.68763	0.73295	0.69503	0.66774	0.54036
NaN	NaN	NaN	NaN	NaN	NaN	NaN	NaN
NaN	NaN	NaN	NaN	NaN	NaN	NaN	NaN
0.69417	0.75502	0.75008	0.6671	0.67744	0.68004	0.59742	0.51326
0.80927	0.77151	0.7482	0.65881	0.64155	0.78178	0.71311	0.56989
0.73228	0.76299	0.60597	0.59364	0.44622	0.49478	0.52678	0.45017
0.65994	0.48067	0.38599	0.2378	0.26836	0.37359	0.39639	0.34343
NaN	NaN	NaN	NaN	NaN	NaN	NaN	NaN
0.66511	0.62814	0.35956	0.2768	0.24441	0.46647	0.46162	0.36537
NaN	NaN	NaN	NaN	NaN	NaN	NaN	NaN
NaN	NaN	NaN	NaN	NaN	NaN	NaN	NaN
NaN	NaN	NaN	NaN	NaN	NaN	NaN	NaN
NaN	NaN	NaN	NaN	NaN	NaN	NaN	NaN
0.63051	0.852	0.67712	0.675	0.42147	0.61262	0.55736	0.44495
NaN	NaN	NaN	NaN	NaN	NaN	NaN	NaN
NaN	NaN	NaN	NaN	NaN	NaN	NaN	NaN
0.1507	0.44816	0.39492	0.30078	0.44001	0.4267	0.44552	0.32239
NaN	NaN	NaN	NaN	NaN	NaN	NaN	NaN
0.42013	0.23706	0.33749	0.45131	0.46978	0.39075	0.34218	0.28685
0.72412	0.36962	0.086146	0.11862	0.057967	0.40868	0.4861	0.45977
NaN	NaN	NaN	NaN	NaN	NaN	NaN	NaN
NaN	NaN	NaN	NaN	NaN	NaN	NaN	NaN
NaN	NaN	NaN	NaN	NaN	NaN	NaN	NaN
0.56094	0.61251	0.39944	0.35012	0.37636	0.43537	0.40149	0.40378
NaN	NaN	NaN	NaN	NaN	NaN	NaN	NaN
0.57725	0.71629	0.78757	0.60771	0.61266	0.64413	0.52764	0.45027
NaN	NaN	NaN	NaN	NaN	NaN	NaN	NaN
NaN	NaN	NaN	NaN	NaN	NaN	NaN	NaN
NaN	NaN	NaN	NaN	NaN	NaN	NaN	NaN
0.65554	0.59839	0.55851	0.62545	0.68372	0.58444	0.57363	0.49189
0.32467	0.10466	0.18713	0.4008	0.33168	0.37253	0.37954	0.30009
NaN	NaN	NaN	NaN	NaN	NaN	NaN	NaN
0.58771	0.61502	0.61937	0.58306	0.58138	0.54075	0.57651	0.4925
0.13406	0.19148	0.49634	0.43947	0.48741	0.46453	0.55555	0.49777
0.55967	0.79885	0.73532	0.62094	0.55956	0.66961	0.6357	0.5274
0.70271	0.75552	0.83576	0.84945	0.74274	0.66606	0.68891	0.58608
-0.25215	0.23769	0.12831	0.55149	0.53855	0.557	0.51893	0.46371
0.69008	0.77517	0.64227	0.73408	0.5202	0.38569	0.36817	0.2935
-0.47516	-0.56652	-0.27546	0.24702	0.3573	0.40895	0.42931	0.32474
-0.55186	-0.47292	-0.39399	-0.055818	0.19293	0.35008	0.39151	0.30563
NaN	NaN	NaN	NaN	NaN	NaN	NaN	NaN
0.62612	0.57317	0.62004	0.65378	0.56544	0.59567	0.4983	0.37277
NaN	NaN	NaN	NaN	NaN	NaN	NaN	NaN
0.50683	0.70012	0.71708	0.70745	0.58349	0.66259	0.60098	0.52972
NaN	NaN	NaN	NaN	NaN	NaN	NaN	NaN
NaN	NaN	NaN	NaN	NaN	NaN	NaN	NaN
-0.4538	-0.72056	-0.016341	-0.13505	-0.049567	0.32185	0.43626	0.39036
0.44196	0.52418	0.38282	0.23667	0.31517	0.37326	0.43268	0.39073
NaN	NaN	NaN	NaN	NaN	NaN	NaN	NaN
NaN	NaN	NaN	NaN	NaN	NaN	NaN	NaN
0.45691	0.43949	0.34288	0.36969	0.41055	0.44562	0.40555	0.32866
NaN	NaN	NaN	NaN	NaN	NaN	NaN	NaN
NaN	NaN	NaN	NaN	NaN	NaN	NaN	NaN
NaN	NaN	NaN	NaN	NaN	NaN	NaN	NaN
0.49501	0.62088	0.55271	0.59957	0.4609	0.54921	0.52453	0.45076
NaN	NaN	NaN	NaN	NaN	NaN	NaN	NaN
0.36547	0.42166	0.40409	0.64779	0.6985	0.5973	0.53107	0.45253
0.64712	0.58997	0.62954	0.58953	0.44842	0.59983	0.635	0.59611
NaN	NaN	NaN	NaN	NaN	NaN	NaN	NaN
0.63286	0.6843	0.42533	0.48168	0.6421	0.61869	0.60239	0.51281
-0.029206	-0.18157	-0.051633	-0.013535	0.17267	0.38933	0.40997	0.32352
NaN	NaN	NaN	NaN	NaN	NaN	NaN	NaN
NaN	NaN	NaN	NaN	NaN	NaN	NaN	NaN
NaN	NaN	NaN	NaN	NaN	NaN	NaN	NaN
NaN	NaN	NaN	NaN	NaN	NaN	NaN	NaN
0.4456	0.8372	0.76684	0.64468	0.54455	0.65058	0.61807	0.51781
0.40374	0.23545	-0.031128	0.2708	0.43185	0.50332	0.49947	0.45327
0.67254	0.66992	0.43424	0.52287	0.52851	0.4293	0.46308	0.4046
-0.088643	0.62459	0.38678	0.54717	0.47509	0.53475	0.55757	0.48061
0.62234	0.74111	0.72696	0.75903	0.6531	0.60315	0.47582	0.38768
NaN	NaN	NaN	NaN	NaN	NaN	NaN	NaN
NaN	NaN	NaN	NaN	NaN	NaN	NaN	NaN
0.66633	0.66839	0.72461	0.85311	0.6026	0.67977	0.66859	0.56281
NaN	NaN	NaN	NaN	NaN	NaN	NaN	NaN
NaN	NaN	NaN	NaN	NaN	NaN	NaN	NaN
-0.66874	-0.038087	-0.17936	0.11717	0.26036	0.29994	0.35308	0.32433
NaN	NaN	NaN	NaN	NaN	NaN	NaN	NaN
0.55057	0.40337	0.46589	0.45182	0.46985	0.56153	0.5686	0.49458
0.16338	0.53549	0.62665	0.61157	0.58131	0.50197	0.52164	0.4327
NaN	NaN	NaN	NaN	NaN	NaN	NaN	NaN
NaN	NaN	NaN	NaN	NaN	NaN	NaN	NaN
NaN	NaN	NaN	NaN	NaN	NaN	NaN	NaN
NaN	NaN	NaN	NaN	NaN	NaN	NaN	NaN
-0.0013287	0.1783	0.30469	0.43604	0.59555	0.46665	0.40242	0.40414
NaN	NaN	NaN	NaN	NaN	NaN	NaN	NaN
0.88914	0.78806	0.76957	0.50425	0.56386	0.53011	0.52725	0.46073
-0.76761	-0.75965	-0.25226	-0.035334	0.17577	0.35335	0.53785	0.4875
NaN	NaN	NaN	NaN	NaN	NaN	NaN	NaN
0.65796	0.46399	0.36726	0.38199	0.34535	0.38539	0.34959	0.27657
0.83194	0.6533	0.72583	0.70376	0.6061	0.47311	0.3946	0.33678
0.65422	0.83861	0.39571	0.51178	0.58479	0.41039	0.36394	0.3106
-0.35743	0.053621	-0.17274	0.15441	0.17393	0.34339	0.34573	0.30918
-0.52549	-0.68118	-0.43755	-0.33419	0.056126	0.20225	0.32201	0.25822
NaN	NaN	NaN	NaN	NaN	NaN	NaN	NaN
NaN	NaN	NaN	NaN	NaN	NaN	NaN	NaN
NaN	NaN	NaN	NaN	NaN	NaN	NaN	NaN
-0.81822	-0.64092	0.28266	0.38948	0.46255	0.48936	0.4773	0.44766
0.75084	0.78926	0.61209	0.60465	0.60804	0.51112	0.54187	0.48691
0.33128	0.62634	0.45904	0.58567	0.60402	0.70004	0.6393	0.52955
NaN	NaN	NaN	NaN	NaN	NaN	NaN	NaN
NaN	NaN	NaN	NaN	NaN	NaN	NaN	NaN
NaN	NaN	NaN	NaN	NaN	NaN	NaN	NaN
-0.68377	-0.49277	-0.21298	-0.21281	0.13336	0.44118	0.50646	0.45714
0.38942	0.1586	0.18122	0.38582	0.29667	0.20372	0.19168	0.1547
NaN	NaN	NaN	NaN	NaN	NaN	NaN	NaN
NaN	NaN	NaN	NaN	NaN	NaN	NaN	NaN
NaN	NaN	NaN	NaN	NaN	NaN	NaN	NaN
0.76598	0.64053	0.74744	0.53642	0.5898	0.58208	0.58049	0.52368
0.33033	0.36831	0.61313	0.68203	0.63255	0.68529	0.63318	0.51014
0.70623	0.5105	0.16781	-0.13961	0.06981	0.19406	0.25866	0.23531
-0.33664	-0.406	-0.11638	-0.18517	0.12655	0.29416	0.31917	0.28466
0.70961	0.74354	0.8075	0.84347	0.84216	0.70161	0.56696	0.51778
NaN	NaN	NaN	NaN	NaN	NaN	NaN	NaN
-0.0072502	0.67579	0.063454	0.18895	0.34784	0.39397	0.45007	0.37129
-0.70408	-0.13645	-0.083096	0.064628	0.27694	0.35945	0.40656	0.33796
0.44782	0.53282	0.71128	0.6243	0.53562	0.46966	0.4383	0.36988
NaN	NaN	NaN	NaN	NaN	NaN	NaN	NaN
0.52812	0.45441	0.61079	0.83894	0.76777	0.64916	0.66353	0.56986
0.38958	0.59318	0.83444	0.61316	0.62305	0.57666	0.55992	0.45722
0.58866	0.78983	0.86319	0.80714	0.65425	0.60142	0.50301	0.41316
NaN	NaN	NaN	NaN	NaN	NaN	NaN	NaN
NaN	NaN	NaN	NaN	NaN	NaN	NaN	NaN
0.63549	0.38033	0.28327	0.30422	0.54739	0.61185	0.64919	0.55601
-0.74831	0.41426	0.26373	0.27794	0.32825	0.40476	0.46385	0.4047
NaN	NaN	NaN	NaN	NaN	NaN	NaN	NaN
NaN	NaN	NaN	NaN	NaN	NaN	NaN	NaN
NaN	NaN	NaN	NaN	NaN	NaN	NaN	NaN
0.24849	0.21398	0.14131	0.32985	0.41928	0.42447	0.39343	0.30938
NaN	NaN	NaN	NaN	NaN	NaN	NaN	NaN
0.53169	0.086912	0.56543	0.62777	0.44729	0.36699	0.40786	0.34677
0.65646	0.81711	0.88454	0.84024	0.70589	0.6183	0.58015	0.51107
NaN	NaN	NaN	NaN	NaN	NaN	NaN	NaN
0.32036	0.033356	-0.04176	0.23887	0.33451	0.4068	0.46595	0.36967
NaN	NaN	NaN	NaN	NaN	NaN	NaN	NaN
-0.81393	-0.43952	-0.022185	0.26039	0.33902	0.4116	0.4413	0.31861
-0.65317	0.39983	0.46399	0.23208	0.31482	0.46646	0.55539	0.43733
-0.47398	-0.38731	-0.15742	0.29537	0.63759	0.51833	0.51129	0.47492
-0.5779	0.14518	0.13499	0.6906	0.63532	0.7172	0.61739	0.49623
0.60908	0.54081	0.56739	0.56126	0.48561	0.54837	0.48688	0.35484
0.66437	0.86345	0.88461	0.86286	0.7384	0.62601	0.55775	0.46639
0.64485	0.52207	0.60625	0.58289	0.59755	0.51711	0.48418	0.39306
-0.77466	0.6558	0.3453	0.24457	0.31974	0.38883	0.43261	0.46164
-0.63914	-0.50406	0.25993	0.43418	0.39937	0.36478	0.32974	0.32606
0.55239	0.58283	0.78653	0.64546	0.57331	0.56356	0.4837	0.40697
NaN	NaN	NaN	NaN	NaN	NaN	NaN	NaN
-0.39392	-0.19654	-0.055884	0.20811	0.34827	0.39753	0.38781	0.26961
NaN	NaN	NaN	NaN	NaN	NaN	NaN	NaN
0.48806	0.2252	0.38168	0.28346	0.42593	0.4666	0.51443	0.42612
0.22655	0.35724	0.46053	0.31804	0.29037	0.37697	0.40406	0.3926
0.14835	0.1907	0.42522	0.56883	0.51111	0.60329	0.59626	0.52548
-0.4225	-0.31967	0.25147	0.54259	0.73156	0.68223	0.64354	0.55318
0.4456	0.8372	0.76684	0.64468	0.54455	0.65058	0.61807	0.51781
0.39427	0.67717	0.61113	0.55571	0.48831	0.37138	0.43118	0.31606
0.5505	0.73899	0.83797	0.85979	0.5834	0.49933	0.38915	0.27523
-0.57379	-0.46749	0.041902	0.63091	0.58745	0.62701	0.60108	0.48099
0.49232	0.55618	0.69517	0.70679	0.66285	0.65318	0.59241	0.52802
NaN	NaN	NaN	NaN	NaN	NaN	NaN	NaN
-0.86211	-0.43788	0.27255	0.41652	0.40088	0.45403	0.51747	0.44141
0.68209	0.42012	0.38339	0.6749	0.79695	0.68319	0.63132	0.5245
0.52995	0.40739	0.29216	0.27064	0.24465	0.525	0.5246	0.42615
0.69658	0.75644	0.79507	0.78464	0.66476	0.59195	0.53492	0.45378
0.27504	0.56557	0.72617	0.65552	0.61166	0.5132	0.50227	0.43058
0.58889	0.59971	0.30569	0.39025	0.37905	0.34545	0.35789	0.27639
0.72983	0.1708	0.41888	0.31903	0.27446	0.35447	0.35007	0.29523
0.63535	0.45714	0.74186	0.70976	0.7079	0.57656	0.46656	0.3671
0.64157	0.80278	0.85035	0.80204	0.66973	0.59154	0.51607	0.47839
NaN	NaN	NaN	NaN	NaN	NaN	NaN	NaN
NaN	NaN	NaN	NaN	NaN	NaN	NaN	NaN
NaN	NaN	NaN	NaN	NaN	NaN	NaN	NaN
0.37572	0.45304	0.60412	0.52184	0.37019	0.4158	0.41925	0.32321
0.27313	0.34839	0.41832	0.44579	0.62547	0.60335	0.62355	0.57021
0.67148	0.64839	0.78692	0.60159	0.46075	0.39325	0.3135	0.32344
NaN	NaN	NaN	NaN	NaN	NaN	NaN	NaN
NaN	NaN	NaN	NaN	NaN	NaN	NaN	NaN
0.69512	0.81092	0.78388	0.69166	0.56745	0.57608	0.53097	0.46145
NaN	NaN	NaN	NaN	NaN	NaN	NaN	NaN
NaN	NaN	NaN	NaN	NaN	NaN	NaN	NaN
NaN	NaN	NaN	NaN	NaN	NaN	NaN	NaN
NaN	NaN	NaN	NaN	NaN	NaN	NaN	NaN
0.56348	0.62163	0.39665	0.38908	0.3275	0.25654	0.3223	0.28834
0.32271	0.25738	0.35771	0.45324	0.42584	0.35282	0.35973	0.288
NaN	NaN	NaN	NaN	NaN	NaN	NaN	NaN
-0.37432	-0.44798	0.20474	0.34763	0.45081	0.56213	0.573	0.49494
0.51321	0.46663	0.65011	0.50119	0.46509	0.57519	0.64782	0.55668
0.44781	0.57432	0.4548	0.49394	0.51567	0.42394	0.42695	0.44264
NaN	NaN	NaN	NaN	NaN	NaN	NaN	NaN
-0.55017	0.43695	0.81472	0.74126	0.49363	0.60394	0.55908	0.50282
0.66627	0.85427	0.90444	0.80051	0.73967	0.69455	0.52917	0.38635
0.28154	0.68755	-0.049723	-0.024914	0.18194	0.42842	0.45175	0.36767
0.35707	0.58448	0.54214	0.55577	0.47485	0.55647	0.53831	0.4692
0.66055	0.45814	0.53134	0.68503	0.53421	0.60023	0.51678	0.41421
0.71829	0.75389	0.55014	0.62652	0.66448	0.50169	0.48364	0.44876
NaN	NaN	NaN	NaN	NaN	NaN	NaN	NaN
0.84752	0.8129	0.80789	0.72525	0.68908	0.66544	0.65867	0.57545
0.39901	0.47262	0.57306	0.42578	0.40761	0.37796	0.39611	0.3495
0.59931	0.63258	0.55303	0.4228	0.34806	0.43666	0.45378	0.375
NaN	NaN	NaN	NaN	NaN	NaN	NaN	NaN
NaN	NaN	NaN	NaN	NaN	NaN	NaN	NaN
0.41211	0.69011	0.75149	0.56121	0.41126	0.41238	0.42275	0.36373
NaN	NaN	NaN	NaN	NaN	NaN	NaN	NaN
-0.56678	0.16147	0.22902	-0.098926	0.14802	0.29056	0.34502	0.3028
NaN	NaN	NaN	NaN	NaN	NaN	NaN	NaN
NaN	NaN	NaN	NaN	NaN	NaN	NaN	NaN
0.28165	0.4392	0.35845	0.30724	0.34649	0.4506	0.48022	0.40907
0.7252	0.69047	0.57282	0.53103	0.49461	0.49845	0.50667	0.43979
NaN	NaN	NaN	NaN	NaN	NaN	NaN	NaN
-0.73148	-0.29591	0.024908	0.13387	0.39149	0.53593	0.5362	0.48003
NaN	NaN	NaN	NaN	NaN	NaN	NaN	NaN
NaN	NaN	NaN	NaN	NaN	NaN	NaN	NaN
0.38332	0.54082	0.70672	0.74145	0.74551	0.71273	0.59782	0.49375
NaN	NaN	NaN	NaN	NaN	NaN	NaN	NaN
0.27353	0.51909	0.45263	0.52162	0.39624	0.55281	0.58331	0.49856
NaN	NaN	NaN	NaN	NaN	NaN	NaN	NaN
NaN	NaN	NaN	NaN	NaN	NaN	NaN	NaN
0.44431	0.36984	0.17278	0.092549	0.046067	0.19643	0.21465	0.17878
0.58506	0.79694	0.67915	0.63527	0.48066	0.42104	0.47364	0.41778
NaN	NaN	NaN	NaN	NaN	NaN	NaN	NaN
0.25008	-0.072551	0.24859	0.1828	0.38016	0.54919	0.47731	0.40493
NaN	NaN	NaN	NaN	NaN	NaN	NaN	NaN
0.010881	-0.03812	-0.0025753	-0.20081	0.10453	0.37795	0.48933	0.41207
-0.47535	-0.40607	-0.14599	0.15229	0.23477	0.47784	0.47478	0.42485
NaN	NaN	NaN	NaN	NaN	NaN	NaN	NaN
NaN	NaN	NaN	NaN	NaN	NaN	NaN	NaN
0.79253	0.80768	0.81447	0.83028	0.56646	0.58955	0.46906	0.43205
0.55794	0.62825	0.58468	0.60947	0.56054	0.52893	0.48848	0.38392
0.70099	0.34974	0.28901	0.33707	0.40256	0.40249	0.44568	0.40129
0.19614	-0.29106	0.1115	-0.075577	0.058175	0.35769	0.41979	0.37126
0.60107	0.58885	0.62151	0.6511	0.56278	0.57031	0.52044	0.43101
NaN	NaN	NaN	NaN	NaN	NaN	NaN	NaN
NaN	NaN	NaN	NaN	NaN	NaN	NaN	NaN
0.20959	0.27948	0.18611	0.059135	0.035192	0.16909	0.32774	0.29713
NaN	NaN	NaN	NaN	NaN	NaN	NaN	NaN
NaN	NaN	NaN	NaN	NaN	NaN	NaN	NaN
NaN	NaN	NaN	NaN	NaN	NaN	NaN	NaN
0.56946	0.57767	0.62003	0.38177	0.17032	0.28351	0.35852	0.31589
NaN	NaN	NaN	NaN	NaN	NaN	NaN	NaN
0.48557	0.55703	0.63215	0.76003	0.67169	0.61113	0.58533	0.50014
NaN	NaN	NaN	NaN	NaN	NaN	NaN	NaN
NaN	NaN	NaN	NaN	NaN	NaN	NaN	NaN
NaN	NaN	NaN	NaN	NaN	NaN	NaN	NaN
NaN	NaN	NaN	NaN	NaN	NaN	NaN	NaN
0.34387	0.11099	0.21145	0.33068	0.42098	0.55186	0.53817	0.47626
NaN	NaN	NaN	NaN	NaN	NaN	NaN	NaN
-0.59256	-0.34066	-0.39059	-0.21255	-0.01121	0.060401	0.18202	0.18341
NaN	NaN	NaN	NaN	NaN	NaN	NaN	NaN
0.57941	0.83467	0.85685	0.81899	0.68806	0.65541	0.58873	0.50792
0.66095	0.64904	0.61881	0.65623	0.63315	0.50208	0.47867	0.43624
-0.18989	0.21377	0.34522	0.53369	0.62213	0.64182	0.56963	0.46785
0.43914	0.38188	0.47756	0.47916	0.47645	0.51091	0.50772	0.43325
-0.60311	-0.44091	0.57136	0.59494	0.60692	0.50315	0.42038	0.36103
0.66912	0.68063	0.79612	0.77012	0.55877	0.41896	0.43735	0.4127
NaN	NaN	NaN	NaN	NaN	NaN	NaN	NaN
0.79756	0.65103	0.57026	0.57486	0.39855	0.3944	0.32518	0.28223
0.5791	0.62397	0.65592	0.66293	0.38809	0.43906	0.50436	0.43222
NaN	NaN	NaN	NaN	NaN	NaN	NaN	NaN
0.21268	0.3165	0.21391	0.43178	0.50785	0.50232	0.48037	0.41555
NaN	NaN	NaN	NaN	NaN	NaN	NaN	NaN
0.89004	0.21823	0.29908	0.35266	0.45373	0.53638	0.44414	0.36775
NaN	NaN	NaN	NaN	NaN	NaN	NaN	NaN
NaN	NaN	NaN	NaN	NaN	NaN	NaN	NaN
NaN	NaN	NaN	NaN	NaN	NaN	NaN	NaN
NaN	NaN	NaN	NaN	NaN	NaN	NaN	NaN
NaN	NaN	NaN	NaN	NaN	NaN	NaN	NaN
0.56969	0.70422	0.45305	0.46969	0.40713	0.41208	0.42177	0.33002
0.86279	0.8699	0.5378	0.30271	0.23163	0.26747	0.14669	0.12755
0.78608	0.50013	0.416	0.6556	0.62267	0.45631	0.38765	0.35677
0.24416	0.46785	0.44863	0.42876	0.48256	0.53995	0.53944	0.46589
0.83189	0.69023	0.85024	0.91009	0.68086	0.53321	0.48056	0.39575
0.69236	0.81659	0.81159	0.84183	0.7886	0.65907	0.64574	0.57034
0.35608	0.55506	0.56677	0.6021	0.56349	0.5113	0.41916	0.35621
0.49602	0.54629	0.51595	0.39208	0.36368	0.3343	0.37872	0.33385
NaN	NaN	NaN	NaN	NaN	NaN	NaN	NaN
0.54763	0.56872	0.64522	0.34269	0.24631	0.2762	0.33794	0.29044
0.5329	0.59286	0.30382	0.49698	0.57356	0.5071	0.53034	0.45058
0.64088	0.58909	0.65596	0.2431	0.32797	0.37839	0.40018	0.36822
0.24934	0.18954	0.14222	0.2597	0.37647	0.43361	0.39909	0.26237
0.48164	0.48356	0.42331	0.37471	0.31376	0.53322	0.54899	0.47049
0.14288	0.17553	0.52708	0.58049	0.49263	0.50168	0.5876	0.52477
0.5152	0.26166	-0.22321	-0.096608	0.20527	0.51398	0.52707	0.47737
NaN	NaN	NaN	NaN	NaN	NaN	NaN	NaN
0.59387	0.55681	0.34142	0.25891	0.37092	0.61224	0.64093	0.55022
0.44645	0.056793	-0.22126	-0.029051	0.25481	0.3321	0.35238	0.27162
0.82844	0.79518	0.43058	0.32916	0.40072	0.511	0.59904	0.50049
-0.44515	0.59305	0.44234	0.49017	0.48969	0.46393	0.62544	0.51966
NaN	NaN	NaN	NaN	NaN	NaN	NaN	NaN
0.58346	0.7299	0.91533	0.75761	0.6151	0.50325	0.46127	0.36229
0.095481	0.1946	0.091329	0.40477	0.27594	0.43214	0.52578	0.45782
0.53136	0.45936	0.8129	0.76104	0.60673	0.51941	0.38333	0.34686
0.51106	0.69095	0.64195	0.5471	0.46255	0.53806	0.47078	0.3907
NaN	NaN	NaN	NaN	NaN	NaN	NaN	NaN
NaN	NaN	NaN	NaN	NaN	NaN	NaN	NaN
NaN	NaN	NaN	NaN	NaN	NaN	NaN	NaN
0.51255	0.65158	0.48275	0.65589	0.66258	0.46755	0.4515	0.3771
NaN	NaN	NaN	NaN	NaN	NaN	NaN	NaN
NaN	NaN	NaN	NaN	NaN	NaN	NaN	NaN
0.69505	0.60403	0.76606	0.79705	0.58823	0.49345	0.43133	0.38676
NaN	NaN	NaN	NaN	NaN	NaN	NaN	NaN
NaN	NaN	NaN	NaN	NaN	NaN	NaN	NaN
NaN	NaN	NaN	NaN	NaN	NaN	NaN	NaN
0.81193	0.42464	0.53268	0.35968	0.35713	0.36142	0.39356	0.34939
-0.83109	0.52435	0.30983	0.17499	0.047734	0.26076	0.33864	0.28149
NaN	NaN	NaN	NaN	NaN	NaN	NaN	NaN
0.44577	0.35701	0.11429	0.19952	0.3895	0.44489	0.51281	0.46086
0.61001	0.5841	0.62743	0.84389	0.63239	0.69019	0.57579	0.44719
0.47727	0.66238	0.81804	0.74522	0.58537	0.56193	0.47773	0.36763
NaN	NaN	NaN	NaN	NaN	NaN	NaN	NaN
NaN	NaN	NaN	NaN	NaN	NaN	NaN	NaN
NaN	NaN	NaN	NaN	NaN	NaN	NaN	NaN
NaN	NaN	NaN	NaN	NaN	NaN	NaN	NaN
0.5183	0.3355	0.66801	0.75624	0.67819	0.57536	0.54204	0.42386
0.40247	0.42131	0.68985	0.64023	0.45469	0.47523	0.36527	0.31015
0.67224	0.52189	0.48208	0.4663	0.23282	0.416	0.49409	0.42965
NaN	NaN	NaN	NaN	NaN	NaN	NaN	NaN
0.33474	0.3284	0.12965	-0.0067868	0.12111	0.18529	0.26569	0.21914
0.43076	0.55748	0.61959	0.53825	0.52473	0.46341	0.387	0.33576
0.042374	0.25424	0.55356	0.49034	0.47024	0.54491	0.52383	0.46035
-0.57078	-0.56817	0.18047	0.53607	0.61081	0.57757	0.51636	0.44896
NaN	NaN	NaN	NaN	NaN	NaN	NaN	NaN
0.4225	0.6347	0.69349	0.72441	0.46427	0.53273	0.50835	0.46256
-0.14752	0.06222	0.25209	0.24599	0.45975	0.47288	0.53974	0.51026
NaN	NaN	NaN	NaN	NaN	NaN	NaN	NaN
NaN	NaN	NaN	NaN	NaN	NaN	NaN	NaN
-0.4975	0.037579	-0.046719	0.15006	0.12153	0.26492	0.31975	0.28657
-0.30031	-0.18433	0.37072	0.62554	0.67746	0.67205	0.599	0.50719
NaN	NaN	NaN	NaN	NaN	NaN	NaN	NaN
0.57238	0.44321	0.70928	0.66729	0.5981	0.67654	0.65608	0.60624
0.63718	0.27866	0.16548	0.38305	0.46153	0.47605	0.5063	0.44923
NaN	NaN	NaN	NaN	NaN	NaN	NaN	NaN
0.54041	0.49259	0.57652	0.57101	0.31299	0.32068	0.31794	0.269
0.55024	0.55641	0.39337	0.34605	0.15697	0.25598	0.31426	0.24654
0.29337	0.46992	0.15036	0.42563	0.37884	0.43938	0.47072	0.41162
NaN	NaN	NaN	NaN	NaN	NaN	NaN	NaN
-0.77618	-0.79657	-0.66209	0.1726	0.51654	0.57165	0.49918	0.40019
NaN	NaN	NaN	NaN	NaN	NaN	NaN	NaN
0.44516	0.30901	0.21597	0.28207	0.41981	0.45788	0.46334	0.37712
0.72226	0.69271	0.63463	0.46391	0.47853	0.48953	0.52685	0.45668
-0.39915	-0.30191	0.13691	0.27549	0.25713	0.39906	0.41451	0.28647
NaN	NaN	NaN	NaN	NaN	NaN	NaN	NaN
0.43343	0.81993	0.75813	0.65277	0.55633	0.65349	0.61899	0.5208
0.5971	0.43434	0.27042	0.29091	0.26241	0.36959	0.42455	0.37468
0.78239	0.53886	0.53928	0.60329	0.60491	0.59285	0.61367	0.51878
NaN	NaN	NaN	NaN	NaN	NaN	NaN	NaN
0.6322	0.64642	0.40322	0.48057	0.43454	0.52683	0.54084	0.45613
8.2116e-05	0.075611	0.11811	0.35766	0.31202	0.42519	0.47947	0.36043
NaN	NaN	NaN	NaN	NaN	NaN	NaN	NaN
-0.18342	0.1181	0.63728	0.64793	0.60005	0.55016	0.53339	0.45494
NaN	NaN	NaN	NaN	NaN	NaN	NaN	NaN
0.37508	0.36286	0.77296	0.67164	0.65897	0.70513	0.6866	0.61452
NaN	NaN	NaN	NaN	NaN	NaN	NaN	NaN
-0.41336	-0.019407	0.25955	0.53052	0.47403	0.5947	0.53124	0.4704
NaN	NaN	NaN	NaN	NaN	NaN	NaN	NaN
0.3479	0.47724	0.58271	0.50426	0.48467	0.52545	0.56713	0.46421
0.87892	0.78508	0.80152	0.77157	0.69812	0.67141	0.61705	0.58587
0.66003	0.69095	0.60058	0.30245	0.5639	0.59059	0.52905	0.4101
0.47018	-0.045427	-0.18102	-0.1482	0.090326	0.22398	0.31863	0.29511
NaN	NaN	NaN	NaN	NaN	NaN	NaN	NaN
NaN	NaN	NaN	NaN	NaN	NaN	NaN	NaN
0.44638	0.49537	0.76383	0.39196	0.28858	0.34546	0.34203	0.23627
NaN	NaN	NaN	NaN	NaN	NaN	NaN	NaN
0.7637	0.48226	0.58034	0.62491	0.34505	0.14551	0.15845	0.1991
-0.55699	0.15562	0.67891	0.69936	0.62749	0.5786	0.55087	0.44434
-0.46109	-0.13992	0.22928	0.14652	0.32613	0.2979	0.43639	0.37477
NaN	NaN	NaN	NaN	NaN	NaN	NaN	NaN
NaN	NaN	NaN	NaN	NaN	NaN	NaN	NaN
NaN	NaN	NaN	NaN	NaN	NaN	NaN	NaN
NaN	NaN	NaN	NaN	NaN	NaN	NaN	NaN
0.26567	0.20026	0.2968	0.29287	0.45468	0.36806	0.3537	0.28694
NaN	NaN	NaN	NaN	NaN	NaN	NaN	NaN
0.70646	0.78438	0.69296	0.63755	0.69804	0.59653	0.55834	0.51539
NaN	NaN	NaN	NaN	NaN	NaN	NaN	NaN
-0.65441	0.44175	0.52012	0.54969	0.52043	0.45345	0.41148	0.30838
0.41511	-0.093261	-0.31665	-0.024778	0.34874	0.46356	0.5189	0.4509
0.42337	0.49114	0.47504	0.51531	0.46963	0.33753	0.46613	0.46329
NaN	NaN	NaN	NaN	NaN	NaN	NaN	NaN
NaN	NaN	NaN	NaN	NaN	NaN	NaN	NaN
NaN	NaN	NaN	NaN	NaN	NaN	NaN	NaN
0.70847	0.55855	0.57628	0.66742	0.47878	0.5237	0.48333	0.42552
NaN	NaN	NaN	NaN	NaN	NaN	NaN	NaN
0.62875	0.65827	0.39492	0.55974	0.57008	0.65422	0.64058	0.58307
NaN	NaN	NaN	NaN	NaN	NaN	NaN	NaN
0.61867	0.62427	0.73695	0.64354	0.36294	0.45221	0.48387	0.45687
NaN	NaN	NaN	NaN	NaN	NaN	NaN	NaN
0.40413	0.54519	0.53503	0.63929	0.67716	0.62293	0.53075	0.45242
NaN	NaN	NaN	NaN	NaN	NaN	NaN	NaN
NaN	NaN	NaN	NaN	NaN	NaN	NaN	NaN
0.56978	0.3264	0.60203	0.7326	0.68709	0.44226	0.37909	0.3272
0.58524	0.31143	0.20741	0.056794	0.18758	0.39738	0.46394	0.39683
0.76693	0.80685	0.32231	0.46207	0.43732	0.44978	0.47382	0.3926
NaN	NaN	NaN	NaN	NaN	NaN	NaN	NaN
-0.35164	0.061627	0.23684	0.29661	0.43984	0.44592	0.45684	0.37601
NaN	NaN	NaN	NaN	NaN	NaN	NaN	NaN
0.26828	0.2348	0.52665	0.61407	0.55384	0.57984	0.59556	0.52953
0.4386	0.78435	0.8951	0.53097	0.53616	0.54633	0.53044	0.4454
NaN	NaN	NaN	NaN	NaN	NaN	NaN	NaN
-0.30121	-0.33571	0.071007	0.299	0.30501	0.47857	0.46736	0.41646
NaN	NaN	NaN	NaN	NaN	NaN	NaN	NaN
NaN	NaN	NaN	NaN	NaN	NaN	NaN	NaN
0.53935	0.54627	0.23848	0.31151	0.28724	0.39836	0.43512	0.39371
0.56193	0.7593	0.66737	0.61902	0.53687	0.4882	0.48725	0.43221
NaN	NaN	NaN	NaN	NaN	NaN	NaN	NaN
-0.82778	-0.70351	-0.3278	0.23381	0.36966	0.50631	0.50409	0.46404
0.70378	0.82696	0.86445	0.70885	0.61553	0.44795	0.43255	0.38354
0.46113	0.50582	0.60813	0.42115	0.46682	0.50795	0.46208	0.4089
0.7309	0.60888	0.61058	0.29199	0.74285	0.69489	0.61341	0.55698
NaN	NaN	NaN	NaN	NaN	NaN	NaN	NaN
0.036986	0.18088	0.49862	0.41249	0.34524	0.32141	0.37709	0.28511
NaN	NaN	NaN	NaN	NaN	NaN	NaN	NaN
NaN	NaN	NaN	NaN	NaN	NaN	NaN	NaN
0.35407	0.46419	0.3984	0.19394	0.15932	0.23733	0.29668	0.26063
0.53844	0.51761	0.16837	0.067682	0.098269	0.2011	0.35346	0.31665
0.50173	0.54208	0.57693	0.63994	0.63963	0.68294	0.62382	0.55312
0.42493	0.8268	0.71391	0.62741	0.53935	0.65723	0.62387	0.52493
NaN	NaN	NaN	NaN	NaN	NaN	NaN	NaN
NaN	NaN	NaN	NaN	NaN	NaN	NaN	NaN
NaN	NaN	NaN	NaN	NaN	NaN	NaN	NaN
0.49109	0.61968	0.67871	0.80952	0.64447	0.63329	0.56614	0.46081
NaN	NaN	NaN	NaN	NaN	NaN	NaN	NaN
NaN	NaN	NaN	NaN	NaN	NaN	NaN	NaN
NaN	NaN	NaN	NaN	NaN	NaN	NaN	NaN
0.20804	0.25807	0.22122	0.59043	0.56975	0.49232	0.53016	0.4645
NaN	NaN	NaN	NaN	NaN	NaN	NaN	NaN
0.68154	0.66277	0.64972	0.65753	0.66671	0.65856	0.62188	0.52055
0.52023	0.30047	0.21649	0.14352	0.318	0.41612	0.4595	0.39999
NaN	NaN	NaN	NaN	NaN	NaN	NaN	NaN
NaN	NaN	NaN	NaN	NaN	NaN	NaN	NaN
0.69658	0.35679	0.421	0.71781	0.69621	0.61029	0.50398	0.45619
NaN	NaN	NaN	NaN	NaN	NaN	NaN	NaN
0.42018	0.35466	0.21984	0.070434	0.019506	0.26018	0.38928	0.35506
0.44602	0.16366	0.48156	0.61074	0.4896	0.4603	0.35096	0.25419
NaN	NaN	NaN	NaN	NaN	NaN	NaN	NaN
0.31857	0.10809	-0.22323	-0.0074732	0.22435	0.31105	0.30014	0.27182
0.23426	0.43594	0.59881	0.57555	0.62938	0.58708	0.57193	0.44703
0.56767	0.79393	0.82649	0.79783	0.67252	0.62543	0.53154	0.47239
NaN	NaN	NaN	NaN	NaN	NaN	NaN	NaN
0.75173	0.84949	0.75935	0.30058	0.21824	0.3047	0.31314	0.33799
0.71029	0.82495	0.76753	0.19417	0.44817	0.48177	0.45602	0.41568
0.20135	0.344	0.12805	0.23947	0.3171	0.39399	0.40341	0.34497
0.68345	0.72763	0.65417	0.71602	0.66235	0.58684	0.54821	0.45378
0.33616	0.28483	0.45335	0.49247	0.29297	0.38349	0.38194	0.36381
NaN	NaN	NaN	NaN	NaN	NaN	NaN	NaN
NaN	NaN	NaN	NaN	NaN	NaN	NaN	NaN
NaN	NaN	NaN	NaN	NaN	NaN	NaN	NaN
NaN	NaN	NaN	NaN	NaN	NaN	NaN	NaN
-0.054571	0.13676	0.32934	0.7064	0.61359	0.64818	0.65312	0.56573
0.76476	0.71158	0.79314	0.66619	0.59513	0.65055	0.58901	0.5236
0.66757	0.51675	0.89303	0.73379	0.53004	0.53778	0.4819	0.43702
-0.47494	-0.0061699	0.0076742	0.0013369	0.089065	0.48789	0.57986	0.50944
0.5194	0.42406	0.26394	0.38191	0.34785	0.49926	0.46941	0.38525
NaN	NaN	NaN	NaN	NaN	NaN	NaN	NaN
NaN	NaN	NaN	NaN	NaN	NaN	NaN	NaN
-0.17697	0.29245	0.42344	0.40989	0.47163	0.51717	0.47045	0.41479
0.65071	0.71723	0.76251	0.78052	0.66309	0.71179	0.61708	0.52171
0.76248	0.37247	0.51299	0.48681	0.3818	0.44289	0.5309	0.50303
0.76604	0.73017	0.69253	0.65146	0.65461	0.62851	0.62838	0.52698
0.3211	0.083456	0.36434	0.37585	0.32023	0.48282	0.4321	0.39578
NaN	NaN	NaN	NaN	NaN	NaN	NaN	NaN
NaN	NaN	NaN	NaN	NaN	NaN	NaN	NaN
NaN	NaN	NaN	NaN	NaN	NaN	NaN	NaN
0.627	0.76982	0.79734	0.74423	0.5407	0.49574	0.48379	0.40538
NaN	NaN	NaN	NaN	NaN	NaN	NaN	NaN
0.30997	-0.094324	-0.26203	-0.092299	0.29646	0.42221	0.44837	0.42028
0.49946	0.54569	0.67069	0.66977	0.3835	0.20256	0.075661	0.065994
NaN	NaN	NaN	NaN	NaN	NaN	NaN	NaN
0.56418	0.18642	0.68246	0.6983	0.73335	0.59758	0.57302	0.46622
0.81792	0.665	0.50118	0.68385	0.70315	0.65233	0.55731	0.46178
NaN	NaN	NaN	NaN	NaN	NaN	NaN	NaN
0.70436	0.74974	0.79102	0.84784	0.77072	0.63801	0.59559	0.51286
0.52885	0.43668	0.45722	0.74119	0.66851	0.57782	0.51439	0.41386
NaN	NaN	NaN	NaN	NaN	NaN	NaN	NaN
-0.68895	-0.75785	-0.49982	-0.4938	-0.27436	-0.039532	0.11828	0.12478
NaN	NaN	NaN	NaN	NaN	NaN	NaN	NaN
0.5857	0.56726	0.66425	0.60799	0.42053	0.39135	0.38919	0.39695
0.38146	0.40258	0.36048	0.67376	0.50542	0.24244	0.31202	0.25502
NaN	NaN	NaN	NaN	NaN	NaN	NaN	NaN
NaN	NaN	NaN	NaN	NaN	NaN	NaN	NaN
NaN	NaN	NaN	NaN	NaN	NaN	NaN	NaN
-0.10987	-0.1818	0.25554	0.53815	0.58905	0.59785	0.5918	0.50576
NaN	NaN	NaN	NaN	NaN	NaN	NaN	NaN
0.1335	-0.027773	0.18938	0.038929	-0.043802	-0.043225	0.021664	-0.0058968
0.58037	0.54369	0.58591	0.51576	0.5542	0.53591	0.48904	0.3816
0.44303	0.42179	0.59393	0.501	0.41378	0.34974	0.33766	0.26754
NaN	NaN	NaN	NaN	NaN	NaN	NaN	NaN
-0.73442	-0.65425	-0.54314	-0.26185	-0.14107	0.23093	0.40693	0.3774
0.19763	0.37553	0.30593	0.2603	0.37012	0.48682	0.54507	0.46927
-0.036013	0.35725	0.19535	0.20779	0.29297	0.41461	0.45736	0.33644
0.67265	0.50103	0.46516	0.16087	0.17271	0.28164	0.37128	0.31553
0.64777	0.14639	0.15136	0.042958	0.0016256	0.29947	0.45062	0.36561
0.80869	0.79767	0.63341	0.75701	0.63361	0.57441	0.4567	0.37084
0.23052	0.3295	0.34868	0.31689	0.33959	0.23904	0.23966	0.26091
NaN	NaN	NaN	NaN	NaN	NaN	NaN	NaN
0.33579	0.49023	0.34725	0.23276	0.52892	0.55002	0.48788	0.40432
NaN	NaN	NaN	NaN	NaN	NaN	NaN	NaN
NaN	NaN	NaN	NaN	NaN	NaN	NaN	NaN
NaN	NaN	NaN	NaN	NaN	NaN	NaN	NaN
0.51475	0.55231	0.63099	0.64284	0.37668	0.31332	0.28506	0.23507
0.059503	0.19148	0.069997	0.18107	0.27639	0.32702	0.35988	0.37349
-0.21053	0.52016	0.625	0.2806	0.33882	0.48298	0.4393	0.35459
NaN	NaN	NaN	NaN	NaN	NaN	NaN	NaN
0.75601	0.56433	0.63884	0.63165	0.50194	0.43275	0.36112	0.31528
NaN	NaN	NaN	NaN	NaN	NaN	NaN	NaN
0.11587	0.080849	0.41487	0.56242	0.52066	0.55911	0.53371	0.46669
0.42781	0.24839	0.65834	0.82963	0.60035	0.35239	0.30042	0.24832
NaN	NaN	NaN	NaN	NaN	NaN	NaN	NaN
NaN	NaN	NaN	NaN	NaN	NaN	NaN	NaN
0.71486	0.54262	0.35337	0.40313	0.43837	0.51203	0.52539	0.41862
NaN	NaN	NaN	NaN	NaN	NaN	NaN	NaN
0.21758	0.33227	0.29915	0.69255	0.67122	0.63786	0.53152	0.43854
NaN	NaN	NaN	NaN	NaN	NaN	NaN	NaN
NaN	NaN	NaN	NaN	NaN	NaN	NaN	NaN
NaN	NaN	NaN	NaN	NaN	NaN	NaN	NaN
NaN	NaN	NaN	NaN	NaN	NaN	NaN	NaN
0.54359	0.5862	0.55405	0.52005	0.35248	0.40424	0.40187	0.28301
NaN	NaN	NaN	NaN	NaN	NaN	NaN	NaN
0.74471	0.68852	0.70977	0.6635	0.59393	0.52887	0.48716	0.40807
-0.84123	0.68374	0.6423	0.63621	0.58608	0.35929	0.3356	0.27049
0.63986	0.61011	0.52077	0.55079	0.33609	0.38882	0.36628	0.28274
NaN	NaN	NaN	NaN	NaN	NaN	NaN	NaN
NaN	NaN	NaN	NaN	NaN	NaN	NaN	NaN
0.69071	0.63074	0.77952	0.54779	0.40326	0.46251	0.35021	0.298
0.47886	0.3035	0.46705	0.46139	0.45532	0.52025	0.53779	0.45435
NaN	NaN	NaN	NaN	NaN	NaN	NaN	NaN
-0.81831	0.46785	0.41662	0.54798	0.52847	0.43757	0.46677	0.35599
0.37755	0.67152	0.76342	0.68018	0.65934	0.66789	0.69013	0.59137
0.73557	0.5832	0.33703	0.59642	0.56642	0.56936	0.43623	0.31658
0.62829	0.20905	0.22448	0.13244	0.049922	0.25636	0.45647	0.38934
0.56891	0.48418	0.058001	-0.031996	-0.024085	0.096227	0.32841	0.28018
0.87957	0.87484	0.85301	0.75958	0.57329	0.48145	0.38173	0.3718
0.036373	-0.41525	-0.13783	0.27569	0.31759	0.44102	0.41617	0.36373
0.79389	0.64221	0.67888	0.56676	0.50371	0.5249	0.5384	0.48009
NaN	NaN	NaN	NaN	NaN	NaN	NaN	NaN
0.77558	0.77703	0.88422	0.90812	0.81969	0.74624	0.66929	0.55492
NaN	NaN	NaN	NaN	NaN	NaN	NaN	NaN
NaN	NaN	NaN	NaN	NaN	NaN	NaN	NaN
0.52043	0.40045	0.2932	0.49981	0.53411	0.54781	0.53814	0.4581
0.61814	0.53525	0.64582	0.57036	0.55	0.65104	0.6541	0.54256
0.23823	0.27375	0.098467	0.17763	0.17683	0.46069	0.46459	0.40276
NaN	NaN	NaN	NaN	NaN	NaN	NaN	NaN
0.66789	0.58708	0.56632	0.56032	0.42228	0.39809	0.44079	0.38249
NaN	NaN	NaN	NaN	NaN	NaN	NaN	NaN
0.54446	0.55919	0.80285	0.80786	0.641	0.49868	0.50314	0.42599
0.65502	0.68401	0.7129	0.67255	0.58994	0.47635	0.42167	0.35729
NaN	NaN	NaN	NaN	NaN	NaN	NaN	NaN
0.563	0.40221	0.58306	0.60108	0.43142	0.53347	0.5571	0.49128
NaN	NaN	NaN	NaN	NaN	NaN	NaN	NaN
-0.28763	0.0098936	0.11657	0.65617	0.6112	0.50789	0.44832	0.41169
0.36171	0.35885	0.16297	0.61067	0.4946	0.59639	0.5166	0.37021
0.53227	0.55851	0.2938	0.46976	0.5258	0.60518	0.60049	0.50956
NaN	NaN	NaN	NaN	NaN	NaN	NaN	NaN
NaN	NaN	NaN	NaN	NaN	NaN	NaN	NaN
NaN	NaN	NaN	NaN	NaN	NaN	NaN	NaN
0.81517	0.82867	0.86858	0.77801	0.70318	0.63259	0.53713	0.4517
0.57043	0.45426	-0.028076	0.062142	0.2136	0.46568	0.55243	0.49774
-0.7388	-0.75634	-0.26887	0.64764	0.65571	0.48903	0.47078	0.44405
0.58487	0.72374	0.75934	0.58763	0.26856	0.27137	0.24828	0.26733
0.41774	0.73689	0.83978	0.82754	0.63328	0.63082	0.62599	0.51564
0.089607	-0.20642	-0.30204	-0.21157	0.10106	0.35289	0.41467	0.37192
NaN	NaN	NaN	NaN	NaN	NaN	NaN	NaN
-0.66608	-0.51586	-0.22705	0.16568	0.23084	0.30598	0.25572	0.19489
NaN	NaN	NaN	NaN	NaN	NaN	NaN	NaN
0.71544	0.59318	0.37428	0.30939	0.11001	0.13239	0.1662	0.15917
0.49696	0.51885	0.63443	0.75777	0.67259	0.58562	0.56419	0.49646
0.8891	0.75027	0.75807	0.68144	0.66604	0.54324	0.45947	0.39515
NaN	NaN	NaN	NaN	NaN	NaN	NaN	NaN
0.80975	0.66946	0.74756	0.77296	0.67699	0.62073	0.56572	0.49259
NaN	NaN	NaN	NaN	NaN	NaN	NaN	NaN
NaN	NaN	NaN	NaN	NaN	NaN	NaN	NaN
0.4793	0.82285	0.7778	0.65298	0.56101	0.66179	0.62466	0.52318
-0.56948	0.010953	0.17809	0.24193	0.44849	0.53555	0.4772	0.39125
NaN	NaN	NaN	NaN	NaN	NaN	NaN	NaN
NaN	NaN	NaN	NaN	NaN	NaN	NaN	NaN
NaN	NaN	NaN	NaN	NaN	NaN	NaN	NaN
NaN	NaN	NaN	NaN	NaN	NaN	NaN	NaN
NaN	NaN	NaN	NaN	NaN	NaN	NaN	NaN
0.5667	0.79033	0.83326	0.83183	0.55892	0.46169	0.4124	0.35191
NaN	NaN	NaN	NaN	NaN	NaN	NaN	NaN
-0.074188	0.16347	0.43409	0.65429	0.67244	0.65209	0.5642	0.48937
0.39403	0.45088	0.33474	0.45619	0.35827	0.4219	0.44691	0.38743
-0.51028	0.46045	0.15604	0.2776	0.28084	0.31044	0.33632	0.36096
0.19606	0.34595	0.56933	0.48074	0.40452	0.38949	0.4535	0.41343
0.45091	0.75968	0.71364	0.66625	0.57869	0.69727	0.65661	0.5587
0.84975	0.90486	0.78206	0.63152	0.46898	0.56724	0.57304	0.48893
-0.47026	-0.14891	0.032564	0.46716	0.44642	0.58459	0.6062	0.51947
NaN	NaN	NaN	NaN	NaN	NaN	NaN	NaN
NaN	NaN	NaN	NaN	NaN	NaN	NaN	NaN
NaN	NaN	NaN	NaN	NaN	NaN	NaN	NaN
NaN	NaN	NaN	NaN	NaN	NaN	NaN	NaN
NaN	NaN	NaN	NaN	NaN	NaN	NaN	NaN
-0.30317	0.55898	0.6997	0.44426	0.4774	0.54511	0.48438	0.35029
NaN	NaN	NaN	NaN	NaN	NaN	NaN	NaN
NaN	NaN	NaN	NaN	NaN	NaN	NaN	NaN
0.65812	0.31425	0.55563	0.44804	0.3273	0.34736	0.31654	0.35776
-0.38164	-0.63547	-0.63846	0.10351	0.33199	0.29652	0.34354	0.2779
0.55362	0.42815	0.23873	0.21087	0.19577	0.19318	0.18709	0.19541
0.7049	0.66795	0.73407	0.5355	0.51679	0.48371	0.47084	0.416
NaN	NaN	NaN	NaN	NaN	NaN	NaN	NaN
0.029435	0.57391	0.49954	0.40457	0.30952	0.35091	0.37239	0.29852
NaN	NaN	NaN	NaN	NaN	NaN	NaN	NaN
NaN	NaN	NaN	NaN	NaN	NaN	NaN	NaN
0.30737	0.22874	0.088003	0.1952	0.328	0.47139	0.4467	0.39502
NaN	NaN	NaN	NaN	NaN	NaN	NaN	NaN
NaN	NaN	NaN	NaN	NaN	NaN	NaN	NaN
0.0048905	0.41551	0.45059	0.64008	0.51464	0.54799	0.53922	0.46266
NaN	NaN	NaN	NaN	NaN	NaN	NaN	NaN
0.59495	0.46591	0.67408	0.71775	0.59901	0.5535	0.41882	0.31885
0.40883	0.68404	0.84425	0.70901	0.4797	0.59971	0.54978	0.49508
0.78675	0.40659	0.52763	0.46466	0.56349	0.47869	0.42439	0.40348
NaN	NaN	NaN	NaN	NaN	NaN	NaN	NaN
0.6707	0.20054	0.46357	0.44243	0.31384	0.45239	0.47139	0.41767
NaN	NaN	NaN	NaN	NaN	NaN	NaN	NaN
0.61762	0.77122	0.61782	0.62524	0.52143	0.60162	0.57783	0.46085
NaN	NaN	NaN	NaN	NaN	NaN	NaN	NaN
NaN	NaN	NaN	NaN	NaN	NaN	NaN	NaN
-0.016653	0.40277	0.65912	0.55303	0.60309	0.56615	0.53389	0.47416
0.64315	0.63121	0.83106	0.66903	0.65475	0.69806	0.63553	0.51836
NaN	NaN	NaN	NaN	NaN	NaN	NaN	NaN
-0.43018	-0.61994	-0.36597	-0.45698	-0.1447	0.13449	0.28875	0.25945
0.51536	0.39418	-0.0058752	0.32682	0.11675	0.33185	0.29534	0.25269
NaN	NaN	NaN	NaN	NaN	NaN	NaN	NaN
NaN	NaN	NaN	NaN	NaN	NaN	NaN	NaN
0.61599	0.6724	0.49372	0.54972	0.47705	0.4835	0.46159	0.33559
NaN	NaN	NaN	NaN	NaN	NaN	NaN	NaN
-0.60646	-0.37115	-0.05919	0.32578	0.39364	0.59572	0.54931	0.47182
NaN	NaN	NaN	NaN	NaN	NaN	NaN	NaN
-0.37783	-0.57254	0.026511	0.22426	0.47828	0.45099	0.545	0.49588
NaN	NaN	NaN	NaN	NaN	NaN	NaN	NaN
NaN	NaN	NaN	NaN	NaN	NaN	NaN	NaN
0.51807	0.72387	0.71079	0.74558	0.72127	0.70014	0.6201	0.51944
NaN	NaN	NaN	NaN	NaN	NaN	NaN	NaN
0.6535	0.72025	0.51451	0.45487	0.31011	0.36476	0.42508	0.3684
0.5943	0.66981	0.73057	0.66077	0.65439	0.59333	0.54656	0.42079
NaN	NaN	NaN	NaN	NaN	NaN	NaN	NaN
0.67592	0.3891	0.5505	0.53333	0.44854	0.43315	0.36444	0.36168
0.44296	0.43622	0.58357	0.49087	0.58017	0.48571	0.45695	0.39638
0.57423	0.43614	0.064708	0.15572	0.41196	0.39382	0.50948	0.45588
NaN	NaN	NaN	NaN	NaN	NaN	NaN	NaN
0.2917	0.018435	0.20579	0.3059	0.40594	0.33834	0.41299	0.35191
0.53142	0.37815	0.59287	0.46935	0.53592	0.57455	0.50452	0.44568
0.74294	-0.11554	0.076411	-0.07683	0.074601	0.23882	0.29463	0.2514
NaN	NaN	NaN	NaN	NaN	NaN	NaN	NaN
-0.03399	0.42597	0.13043	0.26192	-0.058345	-0.16319	-0.15832	-0.11185
0.73488	0.67691	0.66284	0.75505	0.66226	0.57456	0.45686	0.35613
0.61372	0.54441	0.52295	0.49834	0.40007	0.4696	0.431	0.37186
0.035897	0.34244	0.64015	0.66147	0.69027	0.60672	0.52026	0.43075
0.50757	0.46762	0.38726	0.63436	0.49384	0.47265	0.35139	0.27504
0.66198	0.7009	0.78279	0.87922	0.73985	0.69627	0.54462	0.50096
-0.48695	-0.49262	-0.64749	-0.04103	0.25787	0.28023	0.37938	0.3564
NaN	NaN	NaN	NaN	NaN	NaN	NaN	NaN
NaN	NaN	NaN	NaN	NaN	NaN	NaN	NaN
NaN	NaN	NaN	NaN	NaN	NaN	NaN	NaN
0.39184	0.091982	0.14548	0.31841	0.33545	0.53741	0.54151	0.49745
-0.70393	-0.1473	0.33408	0.51173	0.39475	0.48096	0.50135	0.47209
-0.71203	-0.25576	-0.20924	-0.034795	0.15639	0.25217	0.2954	0.25156
-0.36297	0.21666	0.28658	0.28272	0.36699	0.4538	0.39853	0.30721
-0.3278	-0.46476	0.0016531	0.50969	0.47498	0.50558	0.53215	0.50264
0.90056	0.92988	0.89077	0.8774	0.72356	0.66041	0.59403	0.52462
NaN	NaN	NaN	NaN	NaN	NaN	NaN	NaN
NaN	NaN	NaN	NaN	NaN	NaN	NaN	NaN
0.41894	0.45744	0.44566	0.55199	0.45096	0.55989	0.55834	0.47381
0.29462	0.67876	0.59926	0.69657	0.66617	0.64561	0.55079	0.51439
NaN	NaN	NaN	NaN	NaN	NaN	NaN	NaN
NaN	NaN	NaN	NaN	NaN	NaN	NaN	NaN
NaN	NaN	NaN	NaN	NaN	NaN	NaN	NaN
0.70544	0.69975	0.27502	0.60927	0.60697	0.60556	0.60371	0.54681
0.45176	0.23871	0.38769	0.48974	0.46288	0.28342	0.22241	0.18667
0.60397	0.41893	0.54447	0.53568	0.43399	0.46156	0.44677	0.34416
NaN	NaN	NaN	NaN	NaN	NaN	NaN	NaN
NaN	NaN	NaN	NaN	NaN	NaN	NaN	NaN
0.71022	0.50584	0.47892	0.32394	0.28614	0.40436	0.40263	0.36834
NaN	NaN	NaN	NaN	NaN	NaN	NaN	NaN
0.64646	0.42564	0.48912	0.52427	0.46024	0.48793	0.32157	0.24109
0.58968	0.58375	0.21289	0.46299	0.38461	0.3841	0.4072	0.3372
0.11352	0.16367	0.47705	0.81254	0.6683	0.71781	0.68664	0.5999
-0.61764	-0.55389	-0.45251	0.25016	0.35515	0.34759	0.36251	0.32878
NaN	NaN	NaN	NaN	NaN	NaN	NaN	NaN
0.65931	0.69498	0.52705	0.71571	0.69834	0.55294	0.53653	0.4816
0.88535	0.89319	0.85256	0.49963	0.49747	0.54914	0.64807	0.54163
NaN	NaN	NaN	NaN	NaN	NaN	NaN	NaN
NaN	NaN	NaN	NaN	NaN	NaN	NaN	NaN
-0.41879	-0.058262	0.35241	0.79337	0.77964	0.71472	0.64931	0.52716
0.35829	0.82628	0.77399	0.61839	0.52709	0.63903	0.62577	0.52614
NaN	NaN	NaN	NaN	NaN	NaN	NaN	NaN
0.73549	0.6635	0.75757	0.75374	0.52795	0.5511	0.44205	0.37016
NaN	NaN	NaN	NaN	NaN	NaN	NaN	NaN
NaN	NaN	NaN	NaN	NaN	NaN	NaN	NaN
0.73283	0.61168	0.53345	0.57052	0.47194	0.45408	0.42988	0.38734
NaN	NaN	NaN	NaN	NaN	NaN	NaN	NaN
NaN	NaN	NaN	NaN	NaN	NaN	NaN	NaN
NaN	NaN	NaN	NaN	NaN	NaN	NaN	NaN
NaN	NaN	NaN	NaN	NaN	NaN	NaN	NaN
-0.6753	-0.60053	0.060438	0.25053	0.47825	0.54563	0.49119	0.43727
0.26778	0.38447	0.62931	0.55043	0.4483	0.39721	0.40547	0.37325
NaN	NaN	NaN	NaN	NaN	NaN	NaN	NaN
0.57982	0.31046	0.44448	0.45109	0.42237	0.56955	0.56415	0.49017
NaN	NaN	NaN	NaN	NaN	NaN	NaN	NaN
0.40996	0.6339	0.53866	0.48048	0.28366	0.54371	0.49713	0.45495
-0.63775	0.38441	0.41183	0.14958	0.23075	0.31347	0.34782	0.31387
0.84188	0.76699	0.81134	0.7951	0.73985	0.70716	0.65171	0.554
-0.016246	-0.21846	-0.20519	-0.04037	0.24466	0.4951	0.53608	0.46224
NaN	NaN	NaN	NaN	NaN	NaN	NaN	NaN
NaN	NaN	NaN	NaN	NaN	NaN	NaN	NaN
0.6591	0.47034	0.6382	0.74271	0.66094	0.66844	0.62902	0.56666
0.59184	0.4159	0.26388	0.14474	0.053428	0.20842	0.27669	0.21706
NaN	NaN	NaN	NaN	NaN	NaN	NaN	NaN
NaN	NaN	NaN	NaN	NaN	NaN	NaN	NaN
-0.48113	0.042119	0.038402	0.21649	0.17272	0.22409	0.25295	0.22889
0.71159	0.58032	0.67403	0.39707	0.37196	0.42671	0.35148	0.33908
0.39141	0.8432	0.83529	0.64027	0.55898	0.66041	0.6107	0.5583
0.44055	0.65189	0.67846	0.833	0.66921	0.66209	0.57223	0.49674
NaN	NaN	NaN	NaN	NaN	NaN	NaN	NaN
NaN	NaN	NaN	NaN	NaN	NaN	NaN	NaN
-0.76641	-0.6862	-0.79747	-0.23279	0.024461	0.020387	-0.013772	0.0028259
NaN	NaN	NaN	NaN	NaN	NaN	NaN	NaN
NaN	NaN	NaN	NaN	NaN	NaN	NaN	NaN
0.44494	0.54687	0.57673	0.56811	0.59143	0.50072	0.4682	0.39686
0.83405	0.85402	0.86707	0.83613	0.79509	0.68676	0.66543	0.58154
0.56054	0.5945	0.67599	0.77072	0.74023	0.7623	0.67904	0.59297
-0.23317	0.13866	0.19494	0.25872	0.43456	0.52972	0.46304	0.41002
0.65558	0.299	0.24612	0.43583	0.62601	0.53646	0.48401	0.43197
0.64255	0.70602	0.64989	0.61	0.54435	0.54712	0.42194	0.34973
0.66398	0.83021	0.82358	0.65611	0.49076	0.6067	0.60942	0.56241
-0.32612	-0.16847	0.05588	0.33906	0.46731	0.48158	0.47691	0.41568
0.68274	0.40652	0.23242	0.26176	0.37539	0.53382	0.51395	0.40195
0.79208	0.66924	0.57645	0.44563	0.52333	0.4531	0.49404	0.41754
0.5261	0.64157	0.6174	0.71662	0.66166	0.58639	0.57705	0.50884
NaN	NaN	NaN	NaN	NaN	NaN	NaN	NaN
NaN	NaN	NaN	NaN	NaN	NaN	NaN	NaN
NaN	NaN	NaN	NaN	NaN	NaN	NaN	NaN
-0.59555	-0.37251	-0.093243	-0.086945	0.13428	0.32244	0.36483	0.30414
NaN	NaN	NaN	NaN	NaN	NaN	NaN	NaN
0.72507	0.46342	0.17114	0.22287	0.30598	0.29835	0.42895	0.36039
0.53238	0.47523	0.18218	0.35637	0.32724	0.52231	0.59964	0.58333
NaN	NaN	NaN	NaN	NaN	NaN	NaN	NaN
NaN	NaN	NaN	NaN	NaN	NaN	NaN	NaN
0.46156	0.69513	0.81072	0.55696	0.51002	0.53192	0.60296	0.53529
NaN	NaN	NaN	NaN	NaN	NaN	NaN	NaN
0.58593	0.42915	0.66573	0.35637	0.47467	0.4529	0.45032	0.42056
0.84941	0.83004	0.85844	0.72056	0.66957	0.58279	0.50916	0.44384
NaN	NaN	NaN	NaN	NaN	NaN	NaN	NaN
NaN	NaN	NaN	NaN	NaN	NaN	NaN	NaN
0.35656	0.29445	0.4781	0.52049	0.43081	0.43442	0.3391	0.273
NaN	NaN	NaN	NaN	NaN	NaN	NaN	NaN
0.47776	0.62579	0.74112	0.76397	0.72852	0.55402	0.45724	0.37126
NaN	NaN	NaN	NaN	NaN	NaN	NaN	NaN
0.62267	0.73652	0.64106	0.44627	0.47393	0.59014	0.5411	0.46803
0.48091	0.58564	0.58764	0.49737	0.52465	0.4597	0.45655	0.37654
NaN	NaN	NaN	NaN	NaN	NaN	NaN	NaN
0.20043	0.36693	0.56486	0.50294	0.51252	0.53113	0.50815	0.44988
0.20522	0.33317	0.39926	0.36064	0.37359	0.40032	0.40934	0.33749
NaN	NaN	NaN	NaN	NaN	NaN	NaN	NaN
0.47141	0.55098	0.31449	0.13957	0.20402	0.21254	0.26785	0.28338
-0.43569	0.42849	0.59481	0.70037	0.66568	0.53058	0.53309	0.60425
0.62864	0.61442	0.81932	0.85803	0.79352	0.65502	0.58588	0.44251
NaN	NaN	NaN	NaN	NaN	NaN	NaN	NaN
0.71154	0.72223	0.71807	0.76536	0.72638	0.53362	0.4272	0.37551
0.67063	0.59619	0.69826	0.61964	0.44415	0.35605	0.3824	0.31107
-0.62827	-0.76736	-0.3372	0.26571	0.56354	0.37743	0.47298	0.35401
0.59423	0.63208	0.64458	0.84731	0.77897	0.69817	0.61979	0.55022
0.774	0.45879	0.4359	0.37802	0.2535	0.42439	0.42625	0.40253
NaN	NaN	NaN	NaN	NaN	NaN	NaN	NaN
-0.38652	0.090031	-0.098026	-0.15327	0.016935	0.33858	0.43939	0.37852
NaN	NaN	NaN	NaN	NaN	NaN	NaN	NaN
0.46971	0.20436	0.51247	0.59173	0.6901	0.63837	0.55602	0.46341
0.73902	0.70128	0.39765	0.3244	0.22526	0.39309	0.42274	0.33721
0.78966	0.6481	0.57185	0.51577	0.45481	0.38504	0.37235	0.28942
-0.58317	-0.038673	0.38658	0.32304	0.32257	0.47311	0.54001	0.4616
NaN	NaN	NaN	NaN	NaN	NaN	NaN	NaN
0.37023	0.2484	0.48923	0.39271	0.45843	0.43635	0.44809	0.36842
NaN	NaN	NaN	NaN	NaN	NaN	NaN	NaN
0.67817	0.769	0.6509	0.61173	0.59533	0.62473	0.55579	0.4959
0.46495	0.18614	0.41277	0.38127	0.49584	0.47414	0.45155	0.38656
0.53979	0.56696	0.68381	0.66894	0.48409	0.45334	0.50166	0.43505
0.67237	0.62485	0.21455	0.055622	0.19563	0.39615	0.50725	0.45845
NaN	NaN	NaN	NaN	NaN	NaN	NaN	NaN
0.80097	0.88053	0.85019	0.82281	0.73933	0.6167	0.48671	0.36951
0.34822	0.51914	0.43812	0.34326	0.25954	0.25745	0.26925	0.24857
0.30133	0.50433	0.47974	0.51837	0.42446	0.439	0.41437	0.34856
0.15944	-0.044009	0.29217	0.4574	0.41411	0.46204	0.43694	0.3709
NaN	NaN	NaN	NaN	NaN	NaN	NaN	NaN
0.47737	0.55263	0.43758	0.47786	0.21981	0.28572	0.2595	0.21152
NaN	NaN	NaN	NaN	NaN	NaN	NaN	NaN
NaN	NaN	NaN	NaN	NaN	NaN	NaN	NaN
0.69751	0.75131	0.77328	0.74863	0.35357	0.40538	0.28847	0.28968
0.62028	0.44474	0.57186	0.57743	0.39767	0.47298	0.43026	0.32519
0.54082	0.80404	0.73918	0.64853	0.57578	0.66052	0.62853	0.52119
0.09057	-0.15806	0.45979	0.3897	0.3413	0.42612	0.50613	0.44123
-0.46437	0.0593	0.31115	0.5068	0.53233	0.56577	0.65495	0.5144
NaN	NaN	NaN	NaN	NaN	NaN	NaN	NaN
-0.79515	-0.34577	-0.25737	-0.051367	0.070753	0.29868	0.54252	0.43757
NaN	NaN	NaN	NaN	NaN	NaN	NaN	NaN
-0.059455	0.15868	0.27386	0.19938	0.1996	0.4307	0.39332	0.28217
0.78216	0.70498	0.81141	0.61546	0.64278	0.66492	0.65076	0.5556
NaN	NaN	NaN	NaN	NaN	NaN	NaN	NaN
NaN	NaN	NaN	NaN	NaN	NaN	NaN	NaN
-0.13992	0.066751	0.22154	0.29507	0.46467	0.54325	0.56761	0.4142
0.45612	0.5578	0.7835	0.6607	0.65678	0.66992	0.648	0.55879
0.45666	0.64823	0.7961	0.67245	0.55909	0.53501	0.44361	0.363
-0.14037	0.32772	0.20186	0.37643	0.40053	0.40724	0.42298	0.37139
NaN	NaN	NaN	NaN	NaN	NaN	NaN	NaN
NaN	NaN	NaN	NaN	NaN	NaN	NaN	NaN
NaN	NaN	NaN	NaN	NaN	NaN	NaN	NaN
0.67713	0.70699	0.81233	0.68159	0.56549	0.54437	0.47609	0.35388
-0.68453	0.33717	0.58069	0.32474	0.35446	0.37094	0.43448	0.4068
0.44598	0.31316	0.28758	0.57416	0.61136	0.39518	0.44336	0.41106
0.029882	-0.30914	-0.25875	-0.20315	0.12076	0.35352	0.42452	0.3749
NaN	NaN	NaN	NaN	NaN	NaN	NaN	NaN
0.71122	0.73119	0.67183	0.66034	0.61584	0.53456	0.4681	0.40784
-0.67744	0.77903	0.84038	0.79137	0.67246	0.4072	0.44892	0.39407
0.79515	0.70388	0.5786	0.42058	0.38807	0.3122	0.3401	0.35208
NaN	NaN	NaN	NaN	NaN	NaN	NaN	NaN
0.47901	0.19823	0.07898	0.18437	0.32273	0.40406	0.47226	0.42042
NaN	NaN	NaN	NaN	NaN	NaN	NaN	NaN
-0.56217	-0.5284	0.035972	0.069243	0.34925	0.46352	0.44579	0.39135
0.6427	0.72239	0.66999	0.62807	0.52378	0.58152	0.53035	0.47104
NaN	NaN	NaN	NaN	NaN	NaN	NaN	NaN
0.69332	0.71422	0.78167	0.87224	0.72259	0.69666	0.62548	0.51394
0.67848	0.49622	0.48604	0.36664	0.35936	0.29468	0.29818	0.34002
-0.065465	0.21769	0.49634	0.7459	0.63288	0.62006	0.60164	0.50941
NaN	NaN	NaN	NaN	NaN	NaN	NaN	NaN
0.73098	0.65634	0.66878	0.75891	0.66329	0.60782	0.59901	0.51189
NaN	NaN	NaN	NaN	NaN	NaN	NaN	NaN
NaN	NaN	NaN	NaN	NaN	NaN	NaN	NaN
NaN	NaN	NaN	NaN	NaN	NaN	NaN	NaN
NaN	NaN	NaN	NaN	NaN	NaN	NaN	NaN
0.77317	0.73724	0.78696	0.6903	0.50498	0.3957	0.37891	0.33336
-0.63846	0.20129	0.20107	0.26786	0.43324	0.49639	0.49678	0.43382
0.27229	0.34027	0.19526	0.27994	0.32414	0.44563	0.4404	0.3506
-0.69009	-0.6497	-0.3305	0.42864	0.37784	0.25055	0.27153	0.26931
0.47638	0.52271	0.46401	0.79984	0.54991	0.50931	0.55476	0.46267
NaN	NaN	NaN	NaN	NaN	NaN	NaN	NaN
NaN	NaN	NaN	NaN	NaN	NaN	NaN	NaN
0.4456	0.8372	0.76684	0.64468	0.54455	0.65058	0.61807	0.51781
NaN	NaN	NaN	NaN	NaN	NaN	NaN	NaN
0.89279	0.29258	0.2434	0.31855	0.35353	0.34553	0.34857	0.29675
0.28236	0.33311	0.35572	0.3158	0.32893	0.27798	0.3862	0.42239
0.56302	0.67181	0.4598	0.69152	0.50522	0.50006	0.45999	0.38873
0.032002	0.052905	-0.35981	-0.284	-0.002923	0.41349	0.25759	0.24307
-0.2305	0.065053	0.61646	0.69347	0.64937	0.51672	0.51756	0.45321
NaN	NaN	NaN	NaN	NaN	NaN	NaN	NaN
0.5971	0.61494	0.61887	0.51311	0.4854	0.51376	0.50707	0.44861
0.68389	0.69236	0.74929	0.74426	0.69238	0.50819	0.40744	0.36067
NaN	NaN	NaN	NaN	NaN	NaN	NaN	NaN
0.66137	0.61023	0.60011	0.77519	0.72993	0.64549	0.65973	0.56149
0.83792	0.77076	0.67943	0.76892	0.66038	0.51922	0.45457	0.43391
NaN	NaN	NaN	NaN	NaN	NaN	NaN	NaN
0.62528	0.75934	0.81886	0.73345	0.66374	0.64341	0.60868	0.50247
NaN	NaN	NaN	NaN	NaN	NaN	NaN	NaN
-0.17862	-0.040052	0.09155	0.32982	0.38638	0.59467	0.6137	0.47915
0.68218	0.31047	0.44235	0.33652	0.43458	0.49636	0.51838	0.36634
0.48341	0.42332	0.2888	0.37068	0.37398	0.51615	0.4951	0.41441
NaN	NaN	NaN	NaN	NaN	NaN	NaN	NaN
0.074369	0.33391	0.30776	0.36446	0.55316	0.53992	0.57597	0.49449
0.26685	0.38968	0.38886	0.45155	0.44399	0.46692	0.42377	0.35407
NaN	NaN	NaN	NaN	NaN	NaN	NaN	NaN
0.68022	0.32748	0.54105	0.6791	0.37558	0.47509	0.52947	0.4392
NaN	NaN	NaN	NaN	NaN	NaN	NaN	NaN
NaN	NaN	NaN	NaN	NaN	NaN	NaN	NaN
0.40898	0.47047	0.55345	0.41356	0.33947	0.26793	0.33676	0.32374
NaN	NaN	NaN	NaN	NaN	NaN	NaN	NaN
-0.66866	-0.15232	0.086192	0.3413	0.54584	0.56605	0.5487	0.49126
NaN	NaN	NaN	NaN	NaN	NaN	NaN	NaN
NaN	NaN	NaN	NaN	NaN	NaN	NaN	NaN
NaN	NaN	NaN	NaN	NaN	NaN	NaN	NaN
NaN	NaN	NaN	NaN	NaN	NaN	NaN	NaN
0.33859	0.53219	0.57961	0.4675	0.3792	0.41054	0.41979	0.3726
-0.56027	0.16965	0.68369	0.37747	0.34509	0.50726	0.52879	0.43188
NaN	NaN	NaN	NaN	NaN	NaN	NaN	NaN
0.50552	0.43767	0.4432	0.66444	0.62059	0.61809	0.63178	0.54928
NaN	NaN	NaN	NaN	NaN	NaN	NaN	NaN
NaN	NaN	NaN	NaN	NaN	NaN	NaN	NaN
NaN	NaN	NaN	NaN	NaN	NaN	NaN	NaN
-0.35162	-0.18643	0.50698	0.73254	0.63627	0.61958	0.60459	0.50829
0.68736	0.69517	0.67767	0.70178	0.63359	0.65938	0.54834	0.47827
0.079426	-0.27052	-0.24639	0.18431	0.32365	0.24762	0.33211	0.33495
NaN	NaN	NaN	NaN	NaN	NaN	NaN	NaN
NaN	NaN	NaN	NaN	NaN	NaN	NaN	NaN
-0.26966	-0.093966	0.30966	0.45215	0.46031	0.40541	0.4114	0.32375
NaN	NaN	NaN	NaN	NaN	NaN	NaN	NaN
0.72909	0.61355	0.14528	-0.015082	0.043732	0.34838	0.3563	0.25926
0.84185	0.72939	0.60153	0.41618	0.31897	0.46346	0.47506	0.45301
0.48271	0.82602	0.75113	0.62469	0.5497	0.66137	0.63181	0.52388
0.30616	0.32769	0.58235	0.62164	0.54247	0.46434	0.45019	0.40442
-0.70709	-0.5593	-0.39577	0.056214	0.47189	0.5522	0.57466	0.48491
NaN	NaN	NaN	NaN	NaN	NaN	NaN	NaN
0.52515	0.62899	0.58082	0.47613	0.30136	0.40825	0.376	0.31912
NaN	NaN	NaN	NaN	NaN	NaN	NaN	NaN
0.42708	0.59072	0.38103	0.66345	0.69588	0.73682	0.68768	0.54867
NaN	NaN	NaN	NaN	NaN	NaN	NaN	NaN
0.82031	0.79307	0.72371	0.74688	0.68046	0.59468	0.55856	0.45443
0.36512	0.71087	0.59536	0.69626	0.58999	0.47228	0.4466	0.44244
0.81035	0.79237	0.83137	0.86099	0.65162	0.66349	0.63344	0.47922
-0.11349	0.42226	0.24435	0.12207	0.2906	0.52837	0.59724	0.55342
0.30115	0.16355	0.53161	0.53844	0.40375	0.4262	0.48299	0.45716
0.62381	0.478	0.24236	0.59209	0.42528	0.38539	0.37115	0.30579
NaN	NaN	NaN	NaN	NaN	NaN	NaN	NaN
NaN	NaN	NaN	NaN	NaN	NaN	NaN	NaN
-0.7349	0.52509	0.55255	0.69274	0.72717	0.57088	0.45586	0.37411
NaN	NaN	NaN	NaN	NaN	NaN	NaN	NaN
NaN	NaN	NaN	NaN	NaN	NaN	NaN	NaN
NaN	NaN	NaN	NaN	NaN	NaN	NaN	NaN
NaN	NaN	NaN	NaN	NaN	NaN	NaN	NaN
0.36151	0.28901	0.36552	0.20231	0.31267	0.41557	0.42567	0.40853
NaN	NaN	NaN	NaN	NaN	NaN	NaN	NaN
-0.86006	0.42308	0.31263	0.32233	0.45521	0.54852	0.57598	0.53428
0.57418	0.52916	0.43964	0.5633	0.4601	0.49824	0.3262	0.24097
0.52464	0.60254	0.41012	0.28118	0.25038	0.27676	0.26329	0.23344
NaN	NaN	NaN	NaN	NaN	NaN	NaN	NaN
NaN	NaN	NaN	NaN	NaN	NaN	NaN	NaN
NaN	NaN	NaN	NaN	NaN	NaN	NaN	NaN
NaN	NaN	NaN	NaN	NaN	NaN	NaN	NaN
NaN	NaN	NaN	NaN	NaN	NaN	NaN	NaN
0.79981	0.74052	0.72612	0.46242	0.43551	0.24223	0.085615	0.054648
NaN	NaN	NaN	NaN	NaN	NaN	NaN	NaN
0.28781	-0.46081	-0.59544	-0.24718	0.042597	0.2946	0.33632	0.27054
0.3765	0.40796	0.1648	0.26803	0.30753	0.40732	0.38177	0.45803
NaN	NaN	NaN	NaN	NaN	NaN	NaN	NaN
0.47423	0.22124	0.29283	0.36555	0.41413	0.37791	0.30426	0.2663
NaN	NaN	NaN	NaN	NaN	NaN	NaN	NaN
NaN	NaN	NaN	NaN	NaN	NaN	NaN	NaN
0.67447	0.6656	0.69628	0.69198	0.4784	0.44574	0.42735	0.31877
-0.77853	-0.5533	-0.10577	-0.027909	0.12361	0.26515	0.38094	0.31768
NaN	NaN	NaN	NaN	NaN	NaN	NaN	NaN
0.2184	0.27337	0.35513	0.46767	0.36389	0.42793	0.40278	0.33509
NaN	NaN	NaN	NaN	NaN	NaN	NaN	NaN
0.53318	0.50043	0.748	0.79866	0.64353	0.64206	0.66025	0.61134
0.46761	0.4894	0.71702	0.78359	0.75024	0.68466	0.59852	0.47913
0.45729	0.59217	0.77189	0.64976	0.56456	0.47971	0.50925	0.4492
NaN	NaN	NaN	NaN	NaN	NaN	NaN	NaN
-0.066223	0.41143	0.40941	0.49937	0.2867	0.54162	0.52359	0.43684
0.5853	0.69369	0.54919	0.61548	0.59324	0.48291	0.47555	0.40282
0.64053	0.76162	0.89925	0.85278	0.67676	0.63751	0.57484	0.47994
NaN	NaN	NaN	NaN	NaN	NaN	NaN	NaN
0.38595	0.55837	0.61887	0.46787	0.53378	0.64764	0.59234	0.49728
0.77076	0.74965	0.64874	0.68261	0.75391	0.63577	0.57127	0.48577
NaN	NaN	NaN	NaN	NaN	NaN	NaN	NaN
NaN	NaN	NaN	NaN	NaN	NaN	NaN	NaN
NaN	NaN	NaN	NaN	NaN	NaN	NaN	NaN
-0.29753	0.39893	0.79855	0.69295	0.57536	0.50567	0.51551	0.42458
0.74593	0.83332	0.57385	0.52052	0.50714	0.5376	0.53172	0.46062
0.48913	0.26616	0.37887	0.36098	0.38701	0.32767	0.36814	0.34187
-0.79092	0.46007	0.69019	0.58078	0.58669	0.61468	0.49	0.41329
NaN	NaN	NaN	NaN	NaN	NaN	NaN	NaN
NaN	NaN	NaN	NaN	NaN	NaN	NaN	NaN
0.70569	0.72652	0.70808	0.7597	0.5916	0.64738	0.62707	0.58141
-0.15192	-0.074893	0.05835	0.20628	0.17849	0.33413	0.40754	0.35746
0.6618	0.52345	0.37642	0.4366	0.44976	0.59348	0.58091	0.51621
NaN	NaN	NaN	NaN	NaN	NaN	NaN	NaN
NaN	NaN	NaN	NaN	NaN	NaN	NaN	NaN
NaN	NaN	NaN	NaN	NaN	NaN	NaN	NaN
NaN	NaN	NaN	NaN	NaN	NaN	NaN	NaN
-0.6885	-0.34711	0.40389	0.60032	0.599	0.48713	0.49165	0.44172
0.58976	0.62183	0.43904	0.11828	0.18739	0.21173	0.26215	0.28013
0.45463	0.66518	0.59516	0.52311	0.46991	0.51433	0.47781	0.41489
NaN	NaN	NaN	NaN	NaN	NaN	NaN	NaN
0.77989	0.69034	0.56199	0.57794	0.63628	0.6029	0.55763	0.53361
-0.70061	-0.042966	-0.31475	0.0047268	0.065146	0.14919	0.19505	0.13111
NaN	NaN	NaN	NaN	NaN	NaN	NaN	NaN
0.77729	0.80953	0.86565	0.71635	0.71578	0.62606	0.59846	0.55931
NaN	NaN	NaN	NaN	NaN	NaN	NaN	NaN
-0.68064	-0.12273	0.25503	0.34604	0.54349	0.54542	0.58934	0.55572
0.63669	0.29013	0.25288	0.48288	0.446	0.35506	0.33871	0.29013
0.62035	0.71461	0.46363	0.53087	0.54079	0.51031	0.53845	0.41514
NaN	NaN	NaN	NaN	NaN	NaN	NaN	NaN
-0.42498	-0.033064	-0.29369	0.12335	0.32362	0.27981	0.35859	0.21206
0.40919	0.46061	0.57595	0.59861	0.5427	0.60464	0.50267	0.4627
-0.17419	0.22183	0.38186	0.43606	0.35816	0.44135	0.50105	0.42541
NaN	NaN	NaN	NaN	NaN	NaN	NaN	NaN
NaN	NaN	NaN	NaN	NaN	NaN	NaN	NaN
NaN	NaN	NaN	NaN	NaN	NaN	NaN	NaN
0.50399	0.61493	0.79257	0.70525	0.62251	0.66631	0.60523	0.50759
-0.32705	0.057516	0.26353	0.40073	0.24949	0.39845	0.41181	0.31851
0.42662	0.56367	0.64714	0.66277	0.60144	0.68104	0.65126	0.58298
-0.76039	0.74669	0.65751	0.52488	0.44102	0.55169	0.51348	0.41686
NaN	NaN	NaN	NaN	NaN	NaN	NaN	NaN
-0.061535	0.39111	0.45959	0.48484	0.43065	0.44261	0.4036	0.37003
NaN	NaN	NaN	NaN	NaN	NaN	NaN	NaN
NaN	NaN	NaN	NaN	NaN	NaN	NaN	NaN
0.41481	0.42429	0.65506	0.57803	0.64605	0.62438	0.54218	0.45168
0.74436	0.71818	0.66843	0.78583	0.52591	0.5609	0.60686	0.38704
NaN	NaN	NaN	NaN	NaN	NaN	NaN	NaN
0.73665	0.74507	0.65153	0.28693	0.30597	0.34147	0.3796	0.34939
-0.26807	0.11834	0.27828	0.34945	0.28432	0.33137	0.32715	0.30546
-0.4557	0.13334	0.28779	0.18793	0.21735	0.36292	0.31722	0.29437
NaN	NaN	NaN	NaN	NaN	NaN	NaN	NaN
0.091237	0.036066	-0.07815	0.27506	0.26767	0.36778	0.44777	0.35785
0.30988	0.27302	0.53336	0.55432	0.50386	0.59884	0.63347	0.53282
0.67853	0.44361	0.26385	0.45191	0.27504	0.42336	0.41925	0.40143
NaN	NaN	NaN	NaN	NaN	NaN	NaN	NaN
0.095997	0.34664	0.65131	0.41703	0.58584	0.58136	0.54787	0.43968
NaN	NaN	NaN	NaN	NaN	NaN	NaN	NaN
0.69491	0.58114	0.21154	0.13059	0.13164	0.39525	0.36313	0.31544
0.43965	0.41722	0.35485	0.44089	0.29275	0.35924	0.34654	0.33711
NaN	NaN	NaN	NaN	NaN	NaN	NaN	NaN
0.76919	0.73807	0.78685	0.68267	0.58461	0.48991	0.47975	0.38195
-0.45678	-0.15253	-0.1775	0.061224	0.052167	0.42514	0.51341	0.44314
0.68106	0.28759	0.14268	0.25419	0.3561	0.44233	0.47161	0.47565
NaN	NaN	NaN	NaN	NaN	NaN	NaN	NaN
-0.35931	-0.068834	0.5647	0.27585	0.20995	0.26239	0.35555	0.3244
NaN	NaN	NaN	NaN	NaN	NaN	NaN	NaN
0.50386	0.59	0.6534	0.59822	0.57645	0.62257	0.56573	0.522
0.093193	-0.1273	0.60501	0.48036	0.495	0.42928	0.4836	0.40948
0.82842	0.7734	0.82341	0.71413	0.57947	0.56142	0.52317	0.43446
0.53934	0.62162	0.80866	0.74942	0.48191	0.58101	0.59164	0.48598
NaN	NaN	NaN	NaN	NaN	NaN	NaN	NaN
NaN	NaN	NaN	NaN	NaN	NaN	NaN	NaN
0.50759	0.58216	0.75557	0.76745	0.77292	0.575	0.49943	0.41099
NaN	NaN	NaN	NaN	NaN	NaN	NaN	NaN
NaN	NaN	NaN	NaN	NaN	NaN	NaN	NaN
-0.28158	-0.12751	0.42296	0.49398	0.50803	0.47836	0.49608	0.37496
0.65798	-0.10833	-0.098274	0.00089163	0.2897	0.17737	0.27836	0.24009
NaN	NaN	NaN	NaN	NaN	NaN	NaN	NaN
0.73576	0.68828	0.69476	0.51427	0.47748	0.44711	0.47129	0.41052
0.72452	0.20927	0.40019	0.15623	0.36782	0.4681	0.54787	0.46414
NaN	NaN	NaN	NaN	NaN	NaN	NaN	NaN
0.68708	0.5384	0.4688	0.13146	0.25401	0.42961	0.46021	0.39603
NaN	NaN	NaN	NaN	NaN	NaN	NaN	NaN
-0.54259	0.51016	0.68903	0.69499	0.61812	0.59064	0.56335	0.49517
NaN	NaN	NaN	NaN	NaN	NaN	NaN	NaN
0.80754	0.80763	0.56109	0.5708	0.60895	0.42971	0.4417	0.38332
NaN	NaN	NaN	NaN	NaN	NaN	NaN	NaN
NaN	NaN	NaN	NaN	NaN	NaN	NaN	NaN
-0.90879	-0.78403	-0.271	0.06019	0.43309	0.69678	0.73025	0.65546
0.66449	0.20949	-0.3983	0.0023341	-0.010305	0.21852	0.33323	0.28382
0.69354	0.64217	0.66998	0.39589	0.55561	0.58144	0.54878	0.49844
0.54761	0.73578	0.66518	0.65043	0.54911	0.5991	0.59701	0.52585
0.33128	0.36375	0.34048	0.66893	0.42523	0.36913	0.34388	0.29586
0.54355	0.58363	0.72521	0.75847	0.54568	0.50707	0.44213	0.42187
0.31349	0.47228	0.6926	0.62767	0.62579	0.48024	0.48155	0.41246
NaN	NaN	NaN	NaN	NaN	NaN	NaN	NaN
0.46097	0.53955	0.43888	0.2827	0.43688	0.49935	0.45004	0.37826
NaN	NaN	NaN	NaN	NaN	NaN	NaN	NaN
0.80974	0.84797	0.8273	0.68301	0.60608	0.5106	0.50811	0.45078
0.79756	0.81596	0.8561	0.73597	0.64844	0.65795	0.65344	0.524
0.73568	0.69447	0.57771	0.50341	0.39063	0.5001	0.39417	0.30927
NaN	NaN	NaN	NaN	NaN	NaN	NaN	NaN
-0.5828	-0.33805	-0.17379	-0.059854	0.27976	0.51072	0.63231	0.59078
0.68114	0.60933	0.41658	0.6512	0.56061	0.61877	0.57681	0.48087
0.70236	0.67538	0.60533	0.59931	0.54386	0.58409	0.60997	0.50735
0.7303	0.77851	0.78151	0.82818	0.72399	0.6386	0.56653	0.46099
0.32343	0.12852	0.20051	-0.0059287	0.14305	0.2619	0.38321	0.34708
0.55575	0.56841	-0.018501	-0.077143	0.18849	0.2667	0.30438	0.2413
0.41086	0.36129	0.26022	0.36429	0.39553	0.44119	0.35207	0.31286
0.5916	0.12386	0.15763	0.40923	0.39709	0.48157	0.44144	0.30944
NaN	NaN	NaN	NaN	NaN	NaN	NaN	NaN
0.42994	0.295	0.7451	0.70762	0.57358	0.58325	0.59499	0.49031
0.70226	0.29836	0.50449	0.03959	0.22259	0.34912	0.26461	0.25595
0.63438	0.58694	0.55618	0.38289	0.3274	0.46638	0.57671	0.47424
NaN	NaN	NaN	NaN	NaN	NaN	NaN	NaN
0.81048	0.61235	0.34273	0.26578	0.20214	0.34076	0.38457	0.29799
0.50906	0.57971	0.84949	0.83955	0.68165	0.69853	0.64222	0.59477
-0.61	0.28704	0.72152	0.6924	0.47724	0.38544	0.38473	0.30837
NaN	NaN	NaN	NaN	NaN	NaN	NaN	NaN
NaN	NaN	NaN	NaN	NaN	NaN	NaN	NaN
NaN	NaN	NaN	NaN	NaN	NaN	NaN	NaN
NaN	NaN	NaN	NaN	NaN	NaN	NaN	NaN
-0.37509	-0.24356	0.43387	0.62456	0.53916	0.44577	0.37549	0.32281
NaN	NaN	NaN	NaN	NaN	NaN	NaN	NaN
NaN	NaN	NaN	NaN	NaN	NaN	NaN	NaN
0.28154	0.7788	0.71657	0.78582	0.70595	0.68541	0.60652	0.50064
0.43655	0.19729	0.15813	0.27313	0.23898	0.37658	0.44162	0.29131
-0.59311	0.20117	0.48013	0.61134	0.6143	0.57455	0.50573	0.42359
NaN	NaN	NaN	NaN	NaN	NaN	NaN	NaN
0.36848	0.26248	0.53106	0.32763	0.1666	0.44542	0.50294	0.42534
0.80746	0.56334	-0.088296	-0.085219	0.20137	0.49628	0.53327	0.43846
NaN	NaN	NaN	NaN	NaN	NaN	NaN	NaN
0.30986	-0.11868	0.56003	0.24913	0.34146	0.40494	0.46746	0.42689
NaN	NaN	NaN	NaN	NaN	NaN	NaN	NaN
NaN	NaN	NaN	NaN	NaN	NaN	NaN	NaN
0.36661	0.3903	0.45632	0.29982	0.21286	0.23904	0.29147	0.24603
NaN	NaN	NaN	NaN	NaN	NaN	NaN	NaN
0.50997	0.40113	0.44374	0.44941	0.37305	0.3671	0.33739	0.31468
-0.21175	-0.059866	0.37862	0.5264	0.55285	0.46049	0.46908	0.39509
0.89513	0.79837	0.77468	0.82354	0.747	0.63444	0.52548	0.44112
0.81406	-0.20343	-0.051121	0.20927	0.38026	0.43931	0.37145	0.34014
NaN	NaN	NaN	NaN	NaN	NaN	NaN	NaN
0.65532	0.56966	0.60834	0.47447	0.35287	0.41371	0.34633	0.32716
0.284	0.32651	0.23465	0.17386	0.4004	0.46218	0.56392	0.51439
0.60966	0.54844	0.48071	0.56076	0.45551	0.3683	0.38155	0.32953
NaN	NaN	NaN	NaN	NaN	NaN	NaN	NaN
NaN	NaN	NaN	NaN	NaN	NaN	NaN	NaN
NaN	NaN	NaN	NaN	NaN	NaN	NaN	NaN
NaN	NaN	NaN	NaN	NaN	NaN	NaN	NaN
NaN	NaN	NaN	NaN	NaN	NaN	NaN	NaN
NaN	NaN	NaN	NaN	NaN	NaN	NaN	NaN
NaN	NaN	NaN	NaN	NaN	NaN	NaN	NaN
0.72704	0.58341	0.39951	0.41907	0.53404	0.58806	0.52427	0.47339
NaN	NaN	NaN	NaN	NaN	NaN	NaN	NaN
0.59285	0.65046	0.64736	0.69833	0.68173	0.74252	0.62945	0.5638
0.59623	0.53102	0.63594	0.68787	0.67219	0.62703	0.547	0.41546
0.75554	0.83765	0.80859	0.70383	0.62996	0.59062	0.54435	0.48737
-0.54304	-0.36927	0.22301	0.31838	0.47866	0.5628	0.53572	0.47634
0.8127	0.74532	0.84338	0.74692	0.55176	0.44664	0.36596	0.29744
0.49568	0.63383	0.75717	0.49793	0.20081	0.29266	0.32573	0.30271
0.78688	0.79465	0.71103	0.28048	0.59641	0.37044	0.41778	0.37764
NaN	NaN	NaN	NaN	NaN	NaN	NaN	NaN
0.63619	0.42739	0.47789	0.29904	0.28104	0.4463	0.44031	0.39318
0.28929	0.21387	0.53273	0.61971	0.68491	0.60975	0.54057	0.48109
0.43125	0.11548	0.18271	0.4748	0.63784	0.66233	0.64081	0.55259
0.72331	0.72399	0.57428	0.53205	0.6147	0.60988	0.55098	0.44956
NaN	NaN	NaN	NaN	NaN	NaN	NaN	NaN
NaN	NaN	NaN	NaN	NaN	NaN	NaN	NaN
0.54657	0.42404	0.21673	0.44864	0.53826	0.4605	0.3943	0.31307
0.82632	0.76629	0.72458	0.71609	0.734	0.63112	0.54383	0.45609
NaN	NaN	NaN	NaN	NaN	NaN	NaN	NaN
0.58754	0.78826	0.4136	0.61303	0.66784	0.61937	0.60518	0.5255
-0.62778	-0.25324	-0.15831	-0.14211	0.0016874	0.36883	0.40435	0.35604
-0.14304	0.40407	0.38087	0.46179	0.4627	0.53479	0.5292	0.44787
-0.28969	0.091723	0.54833	0.59209	0.4819	0.49367	0.42749	0.38105
NaN	NaN	NaN	NaN	NaN	NaN	NaN	NaN
NaN	NaN	NaN	NaN	NaN	NaN	NaN	NaN
NaN	NaN	NaN	NaN	NaN	NaN	NaN	NaN
0.51729	0.55882	0.78557	0.85287	0.72576	0.58706	0.4071	0.31104
NaN	NaN	NaN	NaN	NaN	NaN	NaN	NaN
0.39561	0.070267	0.24695	0.56922	0.64762	0.5693	0.47906	0.40794
NaN	NaN	NaN	NaN	NaN	NaN	NaN	NaN
NaN	NaN	NaN	NaN	NaN	NaN	NaN	NaN
NaN	NaN	NaN	NaN	NaN	NaN	NaN	NaN
0.77582	0.80474	0.77906	0.75502	0.767	0.62645	0.60019	0.52193
0.52384	0.52892	0.42312	0.6402	0.56788	0.55395	0.60721	0.52442
NaN	NaN	NaN	NaN	NaN	NaN	NaN	NaN
0.62601	0.57013	0.72026	0.85155	0.7811	0.75613	0.74044	0.65798
0.82444	0.74759	0.26965	0.27805	0.017836	0.051318	0.10167	0.12797
0.46964	0.21449	0.65676	0.66928	0.66119	0.64891	0.56876	0.46145
-0.73997	0.085796	0.39543	0.63024	0.49614	0.42392	0.46781	0.39331
NaN	NaN	NaN	NaN	NaN	NaN	NaN	NaN
0.63958	0.59858	0.41084	0.61331	0.61101	0.56574	0.54857	0.47213
0.37148	0.5771	0.53499	0.49994	0.49908	0.48601	0.5341	0.46605
-0.48905	-0.5844	-0.59102	-0.46416	0.086024	0.18346	0.26736	0.24857
0.41787	0.1972	0.25583	0.54143	0.16752	0.41643	0.51846	0.41458
0.81937	0.84077	0.86095	0.84671	0.82725	0.77053	0.68459	0.57926
0.53565	0.40641	0.67433	0.76022	0.68136	0.73888	0.67708	0.54662
NaN	NaN	NaN	NaN	NaN	NaN	NaN	NaN
NaN	NaN	NaN	NaN	NaN	NaN	NaN	NaN
NaN	NaN	NaN	NaN	NaN	NaN	NaN	NaN
NaN	NaN	NaN	NaN	NaN	NaN	NaN	NaN
0.37214	0.25228	0.013069	0.26055	0.31227	0.42764	0.47078	0.40838
NaN	NaN	NaN	NaN	NaN	NaN	NaN	NaN
NaN	NaN	NaN	NaN	NaN	NaN	NaN	NaN
NaN	NaN	NaN	NaN	NaN	NaN	NaN	NaN
0.65298	0.65226	0.85197	0.84875	0.6944	0.7473	0.66983	0.61865
0.45971	0.33708	0.63835	0.85453	0.79037	0.69375	0.67305	0.56521
NaN	NaN	NaN	NaN	NaN	NaN	NaN	NaN
-0.8284	-0.44139	0.027988	0.68958	0.58913	0.61076	0.61114	0.52878
0.67025	0.62126	0.71323	0.689	0.69177	0.5943	0.57796	0.44633
NaN	NaN	NaN	NaN	NaN	NaN	NaN	NaN
0.60998	0.72282	0.75536	0.72779	0.67185	0.68625	0.64261	0.48128
-0.44833	0.56342	0.73508	0.74873	0.43116	0.57748	0.53743	0.47016
NaN	NaN	NaN	NaN	NaN	NaN	NaN	NaN
0.71354	0.68067	0.46066	0.50647	0.41908	0.43422	0.39249	0.34636
0.72835	0.74352	0.5595	0.56346	0.35337	0.31514	0.32992	0.31082
0.70008	0.74316	0.65114	0.66671	0.53547	0.43545	0.36605	0.31638
NaN	NaN	NaN	NaN	NaN	NaN	NaN	NaN
NaN	NaN	NaN	NaN	NaN	NaN	NaN	NaN
NaN	NaN	NaN	NaN	NaN	NaN	NaN	NaN
NaN	NaN	NaN	NaN	NaN	NaN	NaN	NaN
NaN	NaN	NaN	NaN	NaN	NaN	NaN	NaN
0.81196	0.7647	0.80806	0.59813	0.58043	0.58818	0.61855	0.52668
0.25367	0.25454	0.37651	0.34561	0.33103	0.24995	0.27129	0.32102
0.51211	0.81412	0.76126	0.67236	0.58788	0.67739	0.64978	0.53363
0.73957	0.78564	0.77849	0.7853	0.75664	0.70929	0.64838	0.55071
NaN	NaN	NaN	NaN	NaN	NaN	NaN	NaN
NaN	NaN	NaN	NaN	NaN	NaN	NaN	NaN
NaN	NaN	NaN	NaN	NaN	NaN	NaN	NaN
NaN	NaN	NaN	NaN	NaN	NaN	NaN	NaN
0.64697	0.56082	0.4407	0.30851	0.28015	0.43768	0.38715	0.34306
-0.73319	0.29912	0.46673	0.61408	0.62168	0.52849	0.53584	0.37681
NaN	NaN	NaN	NaN	NaN	NaN	NaN	NaN
0.76372	0.82177	0.89673	0.73131	0.7148	0.61607	0.51342	0.41038
0.75868	0.64761	0.73678	0.59658	0.61897	0.56156	0.50385	0.46666
0.30139	0.31102	0.1853	0.35833	0.43552	0.4189	0.41497	0.32007
NaN	NaN	NaN	NaN	NaN	NaN	NaN	NaN
NaN	NaN	NaN	NaN	NaN	NaN	NaN	NaN
0.50764	0.44799	0.20941	0.14957	0.20239	0.26828	0.35366	0.35915
NaN	NaN	NaN	NaN	NaN	NaN	NaN	NaN
-0.6905	0.33853	0.38412	0.59113	0.74442	0.60369	0.62282	0.53071
0.708	0.5018	0.67901	0.63223	0.62997	0.56133	0.51517	0.42742
0.62553	0.52652	0.34822	0.71577	0.61906	0.52374	0.41921	0.36154
0.70068	0.50475	0.74484	0.64734	0.61186	0.55107	0.58676	0.47127
NaN	NaN	NaN	NaN	NaN	NaN	NaN	NaN
0.56481	-0.26498	-0.036051	0.093637	0.28428	0.31256	0.26864	0.2372
NaN	NaN	NaN	NaN	NaN	NaN	NaN	NaN
0.52042	0.48983	0.55398	0.52507	0.58821	0.61168	0.5384	0.43982
0.55744	0.59225	0.32854	0.48512	0.4875	0.44554	0.46725	0.41255
0.23804	0.66799	0.77532	0.67606	0.49204	0.48175	0.36748	0.25632
0.74985	0.66408	0.50163	0.20563	0.14357	0.44644	0.45358	0.41159
NaN	NaN	NaN	NaN	NaN	NaN	NaN	NaN
NaN	NaN	NaN	NaN	NaN	NaN	NaN	NaN
NaN	NaN	NaN	NaN	NaN	NaN	NaN	NaN
NaN	NaN	NaN	NaN	NaN	NaN	NaN	NaN
0.4201	0.24123	0.56666	0.47431	0.46652	0.37303	0.39807	0.35817
0.50658	0.57214	0.72995	0.76475	0.77297	0.57688	0.4992	0.4113
0.60662	0.73197	0.43907	0.3078	0.6056	0.6927	0.70239	0.65689
NaN	NaN	NaN	NaN	NaN	NaN	NaN	NaN
NaN	NaN	NaN	NaN	NaN	NaN	NaN	NaN
0.38675	0.43045	0.15465	0.34098	0.39638	0.43242	0.46589	0.41415
0.81235	0.75728	0.68628	0.62609	0.52571	0.53453	0.52129	0.4581
NaN	NaN	NaN	NaN	NaN	NaN	NaN	NaN
NaN	NaN	NaN	NaN	NaN	NaN	NaN	NaN
0.28872	0.45675	0.6014	0.73375	0.57645	0.61296	0.53322	0.46327
NaN	NaN	NaN	NaN	NaN	NaN	NaN	NaN
0.54499	0.47697	0.41132	0.69852	0.69206	0.61338	0.54645	0.43261
0.72485	0.41307	0.41878	0.54656	0.49827	0.33973	0.38333	0.32941
NaN	NaN	NaN	NaN	NaN	NaN	NaN	NaN
0.46589	0.59454	0.66381	0.7321	0.58066	0.53785	0.56477	0.49544
0.36867	0.33028	0.64155	0.60085	0.46674	0.57761	0.52253	0.44008
NaN	NaN	NaN	NaN	NaN	NaN	NaN	NaN
0.4612	0.50956	0.4502	0.22074	0.28147	0.46843	0.47146	0.40605
NaN	NaN	NaN	NaN	NaN	NaN	NaN	NaN
0.57252	0.74044	0.78375	0.71664	0.57938	0.49018	0.39039	0.3308
NaN	NaN	NaN	NaN	NaN	NaN	NaN	NaN
0.21793	0.41385	0.3585	0.32776	0.3469	0.47579	0.45596	0.38456
NaN	NaN	NaN	NaN	NaN	NaN	NaN	NaN
0.70796	0.60545	0.50563	0.38349	0.50989	0.61401	0.63283	0.54418
-0.71284	0.089553	0.1358	0.36228	0.6467	0.70963	0.71449	0.55636
0.26559	0.21895	-0.17187	0.41505	0.45594	0.42179	0.46293	0.39765
0.3864	0.20996	0.21948	0.30673	0.34974	0.52477	0.53808	0.4499
0.5843	0.72658	0.6094	0.66281	0.63466	0.50654	0.50852	0.43923
0.56813	0.47317	0.028523	0.048251	0.19662	0.43384	0.58741	0.48886
NaN	NaN	NaN	NaN	NaN	NaN	NaN	NaN
NaN	NaN	NaN	NaN	NaN	NaN	NaN	NaN
0.45459	0.47152	0.55849	0.61499	0.65534	0.67816	0.61581	0.55668
0.43658	0.4237	0.52796	0.41611	0.50875	0.54467	0.47784	0.43338
-0.4909	-0.42003	0.028922	0.13733	0.20633	0.40699	0.38895	0.36052
0.66928	0.49732	0.39164	0.56147	0.55465	0.55004	0.51347	0.43073
NaN	NaN	NaN	NaN	NaN	NaN	NaN	NaN
NaN	NaN	NaN	NaN	NaN	NaN	NaN	NaN
NaN	NaN	NaN	NaN	NaN	NaN	NaN	NaN
NaN	NaN	NaN	NaN	NaN	NaN	NaN	NaN
NaN	NaN	NaN	NaN	NaN	NaN	NaN	NaN
NaN	NaN	NaN	NaN	NaN	NaN	NaN	NaN
NaN	NaN	NaN	NaN	NaN	NaN	NaN	NaN
0.21921	0.19404	-0.068482	0.14292	0.32384	0.44538	0.39229	0.3227
-0.59959	0.18302	0.65355	0.54496	0.49818	0.61118	0.63737	0.49186
0.58624	0.73114	0.52878	0.57357	0.47422	0.54571	0.54927	0.46783
0.32022	0.25465	0.35238	0.37873	0.29341	0.29655	0.35299	0.29722
NaN	NaN	NaN	NaN	NaN	NaN	NaN	NaN
NaN	NaN	NaN	NaN	NaN	NaN	NaN	NaN
0.44812	0.64185	0.58163	0.66881	0.73997	0.64284	0.63213	0.4982
NaN	NaN	NaN	NaN	NaN	NaN	NaN	NaN
0.44287	0.32025	0.47908	0.44621	0.38827	0.43011	0.41831	0.34877
-0.34418	0.29805	0.4198	0.52441	0.53463	0.55753	0.65391	0.5783
NaN	NaN	NaN	NaN	NaN	NaN	NaN	NaN
0.62166	-0.11685	0.37268	0.54967	0.51803	0.52079	0.51281	0.40317
NaN	NaN	NaN	NaN	NaN	NaN	NaN	NaN
NaN	NaN	NaN	NaN	NaN	NaN	NaN	NaN
-0.57863	0.16553	-0.070832	-0.055664	0.14627	0.29855	0.32575	0.24393
0.37161	0.32324	0.27636	0.41472	0.28367	0.28782	0.41195	0.3629
0.54266	0.55181	0.25276	0.47788	0.37561	0.50465	0.46294	0.32916
NaN	NaN	NaN	NaN	NaN	NaN	NaN	NaN
NaN	NaN	NaN	NaN	NaN	NaN	NaN	NaN
NaN	NaN	NaN	NaN	NaN	NaN	NaN	NaN
0.70023	-0.021545	0.30748	0.11691	0.34621	0.48981	0.53581	0.46456
0.43025	0.5457	0.53776	0.77754	0.62424	0.6361	0.63279	0.55584
NaN	NaN	NaN	NaN	NaN	NaN	NaN	NaN
NaN	NaN	NaN	NaN	NaN	NaN	NaN	NaN
NaN	NaN	NaN	NaN	NaN	NaN	NaN	NaN
0.55071	0.34222	0.030492	-0.14294	0.057493	0.078608	0.070545	0.14245
0.15891	0.26554	0.13305	0.21058	0.18663	0.34644	0.42921	0.2818
0.82581	0.74703	0.62644	0.4746	0.40527	0.43669	0.41325	0.36332
NaN	NaN	NaN	NaN	NaN	NaN	NaN	NaN
0.66903	0.6045	0.74253	0.702	0.50301	0.63343	0.57356	0.41483
0.77378	0.78065	0.70979	0.44625	0.48923	0.50254	0.49728	0.44147
0.53031	0.52637	0.37382	0.44263	0.45603	0.40446	0.34169	0.28684
NaN	NaN	NaN	NaN	NaN	NaN	NaN	NaN
NaN	NaN	NaN	NaN	NaN	NaN	NaN	NaN
0.7636	0.62344	0.49699	0.51684	0.43791	0.47996	0.62876	0.5666
0.21015	0.37522	0.32399	0.58946	0.58569	0.61018	0.6641	0.58992
-0.50393	0.053394	0.31676	0.42351	0.41576	0.58107	0.61913	0.5712
NaN	NaN	NaN	NaN	NaN	NaN	NaN	NaN
NaN	NaN	NaN	NaN	NaN	NaN	NaN	NaN
0.45341	0.53549	0.77118	0.75618	0.633	0.53965	0.57134	0.49461
0.86291	0.7955	0.72615	0.79792	0.65002	0.56908	0.52374	0.44545
NaN	NaN	NaN	NaN	NaN	NaN	NaN	NaN
0.71445	0.62916	0.72007	0.71977	0.59775	0.486	0.50764	0.4683
NaN	NaN	NaN	NaN	NaN	NaN	NaN	NaN
0.52337	0.57402	0.68273	0.70752	0.61388	0.49078	0.40244	0.27732
0.79223	0.79614	0.76632	0.73639	0.57112	0.53069	0.43419	0.34862
0.050421	0.027347	0.40055	0.76157	0.64927	0.58278	0.64456	0.51498
NaN	NaN	NaN	NaN	NaN	NaN	NaN	NaN
0.60039	0.74944	0.7138	0.55304	0.492	0.50512	0.49993	0.43374
0.35359	0.29293	0.30232	0.54784	0.58993	0.53922	0.51826	0.41386
0.077502	-0.25925	-0.072072	0.11642	0.26575	0.51434	0.55062	0.48793
0.53642	0.29883	0.32391	0.30076	0.53083	0.57516	0.57347	0.48483
0.8552	0.90676	0.87514	0.86269	0.81451	0.80194	0.69382	0.62649
NaN	NaN	NaN	NaN	NaN	NaN	NaN	NaN
-0.6223	-0.38543	0.34866	0.46531	0.41681	0.64998	0.54559	0.46571
0.35165	0.35954	0.055273	0.24107	0.2309	0.33941	0.43205	0.36341
0.54215	0.39503	0.51754	0.69404	0.54358	0.48275	0.44074	0.4028
0.48871	0.50164	0.67161	0.54835	0.30644	0.25635	0.23652	0.19568
0.38151	0.39111	0.49406	0.55685	0.52839	0.4177	0.46067	0.40784
0.59893	0.66041	0.54467	0.49665	0.42437	0.40715	0.52229	0.45829
NaN	NaN	NaN	NaN	NaN	NaN	NaN	NaN
0.63991	0.5	0.46208	0.48409	0.48468	0.41025	0.40463	0.38758
-0.70364	-0.34278	0.023354	-0.0098699	0.50074	0.63815	0.54635	0.41726
0.39642	0.39591	0.45406	0.27617	0.31506	0.51862	0.53832	0.4315
NaN	NaN	NaN	NaN	NaN	NaN	NaN	NaN
0.58932	0.68099	0.61344	0.64602	0.5907	0.48239	0.46679	0.39157
-0.64264	0.59768	0.56812	0.64365	0.71878	0.58947	0.51054	0.4157
0.55578	0.68278	0.59812	0.55822	0.61468	0.64016	0.62668	0.5278
NaN	NaN	NaN	NaN	NaN	NaN	NaN	NaN
0.39213	0.14701	-0.14804	0.37832	0.37432	0.47379	0.54372	0.45709
0.37574	0.63836	0.81639	0.78547	0.6687	0.60223	0.57645	0.48468
0.46575	0.56941	0.54259	0.64508	0.5534	0.58975	0.5549	0.45051
NaN	NaN	NaN	NaN	NaN	NaN	NaN	NaN
0.77306	0.77267	0.73383	0.81565	0.7737	0.71593	0.62137	0.52008
0.53798	0.49548	0.59859	0.79186	0.64158	0.57297	0.48203	0.42556
-0.63832	-0.17978	0.27396	0.22545	0.28207	0.28128	0.38567	0.38027
-0.5545	0.034968	0.096607	-0.087172	0.37148	0.44287	0.37839	0.33128
NaN	NaN	NaN	NaN	NaN	NaN	NaN	NaN
0.62097	0.57137	0.61453	0.65895	0.56152	0.31829	0.2633	0.23518
-0.33196	0.092923	0.045648	-0.071667	0.14505	0.32751	0.33638	0.31379
NaN	NaN	NaN	NaN	NaN	NaN	NaN	NaN
0.86975	0.81415	0.90229	0.87919	0.78453	0.70889	0.62465	0.56445
0.64623	0.22857	0.67787	0.53178	0.18077	0.2311	0.14897	0.12319
NaN	NaN	NaN	NaN	NaN	NaN	NaN	NaN
NaN	NaN	NaN	NaN	NaN	NaN	NaN	NaN
NaN	NaN	NaN	NaN	NaN	NaN	NaN	NaN
NaN	NaN	NaN	NaN	NaN	NaN	NaN	NaN
NaN	NaN	NaN	NaN	NaN	NaN	NaN	NaN
0.30673	0.33644	0.44976	0.28281	0.2522	0.39116	0.39548	0.30961
NaN	NaN	NaN	NaN	NaN	NaN	NaN	NaN
NaN	NaN	NaN	NaN	NaN	NaN	NaN	NaN
0.72793	0.44449	0.25648	0.16969	0.43461	0.48822	0.4847	0.41741
NaN	NaN	NaN	NaN	NaN	NaN	NaN	NaN
0.15099	0.45302	0.68104	0.67261	0.57469	0.53783	0.48404	0.39745
-0.80706	-0.11835	-0.055701	0.14912	0.24297	0.33312	0.39634	0.35498
NaN	NaN	NaN	NaN	NaN	NaN	NaN	NaN
0.30118	0.090785	0.53109	0.42247	0.36627	0.32088	0.33523	0.30071
NaN	NaN	NaN	NaN	NaN	NaN	NaN	NaN
NaN	NaN	NaN	NaN	NaN	NaN	NaN	NaN
0.55568	0.6877	0.66452	0.70306	0.70091	0.6319	0.53117	0.37041
NaN	NaN	NaN	NaN	NaN	NaN	NaN	NaN
NaN	NaN	NaN	NaN	NaN	NaN	NaN	NaN
-0.68398	-0.34685	-0.036026	0.24896	0.45845	0.42209	0.42663	0.42792
NaN	NaN	NaN	NaN	NaN	NaN	NaN	NaN
0.72898	0.76729	0.93697	0.87048	0.68596	0.59995	0.51264	0.41255
0.61882	0.57404	0.56925	0.60636	0.68378	0.55541	0.59923	0.52281
NaN	NaN	NaN	NaN	NaN	NaN	NaN	NaN
NaN	NaN	NaN	NaN	NaN	NaN	NaN	NaN
NaN	NaN	NaN	NaN	NaN	NaN	NaN	NaN
NaN	NaN	NaN	NaN	NaN	NaN	NaN	NaN
0.65647	0.40355	0.46427	0.36008	0.39297	0.41403	0.46597	0.38865
0.61127	0.70595	0.78938	0.68157	0.75324	0.69744	0.72203	0.63827
0.1147	0.35212	0.53327	0.59809	0.43218	0.53441	0.51346	0.43715
NaN	NaN	NaN	NaN	NaN	NaN	NaN	NaN
-0.35068	-0.24399	-0.18261	0.35519	0.31308	0.45286	0.46047	0.37991
NaN	NaN	NaN	NaN	NaN	NaN	NaN	NaN
NaN	NaN	NaN	NaN	NaN	NaN	NaN	NaN
NaN	NaN	NaN	NaN	NaN	NaN	NaN	NaN
0.55559	0.37637	0.50336	0.5256	0.43489	0.52572	0.51124	0.43343
NaN	NaN	NaN	NaN	NaN	NaN	NaN	NaN
NaN	NaN	NaN	NaN	NaN	NaN	NaN	NaN
0.86232	0.85309	0.81887	0.81921	0.56596	0.51422	0.59525	0.47134
-0.6451	-0.38524	-0.28459	-0.10017	0.10348	0.2747	0.3383	0.28346
NaN	NaN	NaN	NaN	NaN	NaN	NaN	NaN
0.51578	0.36431	0.67565	0.82332	0.71098	0.67348	0.63595	0.55383
0.65765	0.34444	0.15716	0.37774	0.52162	0.53931	0.49798	0.40926
NaN	NaN	NaN	NaN	NaN	NaN	NaN	NaN
0.52861	0.60506	0.67023	0.72653	0.69647	0.59065	0.60697	0.49296
0.62887	0.6724	0.61022	0.49374	0.32733	0.32277	0.38161	0.33574
0.45811	0.31872	0.80874	0.67051	0.58031	0.42835	0.51098	0.40251
NaN	NaN	NaN	NaN	NaN	NaN	NaN	NaN
0.42476	0.4811	0.85667	0.79828	0.71431	0.56365	0.50756	0.43085
