0.43555	0.34299	0.52375	0.52113	0.44891	0.61824	0.48607	0.45148
-0.2356	-0.29273	-0.44128	-0.43277	-0.022177	0.25684	0.40565	0.39922
0.054948	0.066942	0.35222	0.49055	0.52491	0.62031	0.55163	0.43383
-0.090221	0.1071	0.18362	0.17449	0.31376	0.17839	0.26036	0.2817
-0.071043	-0.049464	0.060295	0.28239	0.48008	0.48698	0.46022	0.45937
-0.13837	-0.13359	-0.28053	-0.34578	-0.20374	-0.057606	0.11311	0.19819
-0.14375	-0.12423	0.21367	0.16322	0.17171	0.28061	0.32382	0.34212
-0.12059	-0.18307	0.062688	-0.013353	0.20365	0.17664	0.27728	0.29575
0.038647	0.0498	0.00061936	0.26918	0.46894	0.57521	0.5743	0.61487
0.25203	0.3021	0.34796	0.12445	-0.12284	0.043712	0.28026	0.34141
-0.0078452	0.054419	0.14361	0.087974	0.29774	0.20768	0.24349	0.27481
0.062572	0.15194	0.18699	0.36436	0.53156	0.40867	0.27617	0.26641
0.20916	0.11547	0.14551	-0.0082772	0.32144	0.5375	0.58498	0.54906
0.10739	0.083429	-0.24777	-0.22969	-0.09888	0.123	0.22751	0.23947
-0.10625	0.10575	0.13679	-0.14289	0.28263	0.45799	0.49326	0.4966
-0.10561	-0.20334	0.35871	0.24226	0.55364	0.45502	0.48372	0.44558
0.14884	0.31024	0.14507	0.34709	0.49551	0.33186	0.4039	0.38141
0.12571	0.17003	0.19908	0.24079	0.42221	0.46597	0.42347	0.35517
-0.30609	-0.3582	0.046683	-0.003586	0.11414	0.078445	0.2546	0.19912
-0.1438	0.049102	0.075629	0.3947	0.56838	0.80342	0.83052	0.76261
0.20592	0.25388	0.37911	0.42848	0.5244	0.66331	0.55862	0.47539
-0.08087	-0.20447	-0.30566	-0.068217	0.3541	0.42789	0.43382	0.44194
0.13369	0.093457	0.29109	0.40656	0.24552	0.32771	0.4297	0.39929
0.088787	0.06403	0.16284	0.28891	0.44567	0.45366	0.43504	0.4181
-0.24406	-0.10197	-0.22729	0.042009	0.22743	0.31258	0.50666	0.48845
-0.055997	0.033598	0.22029	0.46201	0.67153	0.67953	0.64538	0.52672
-0.1279	-0.044685	0.10434	0.08437	0.12692	0.47673	0.49698	0.48227
-0.27263	-0.17938	0.31364	0.3326	0.45197	0.53402	0.52808	0.45528
-0.32566	-0.32098	-0.090689	-0.20588	0.0026532	0.17584	0.34017	0.27452
0.23625	0.15107	0.42652	0.67531	0.5431	0.49515	0.46655	0.44964
0.27476	0.4252	0.28938	0.46935	0.38902	0.41229	0.3904	0.5074
-0.23384	-0.25958	-0.28996	0.066324	0.19352	0.46403	0.51338	0.4561
0.051195	0.2043	0.32373	0.46935	0.75711	0.83272	0.65148	0.58247
0.0040782	0.24382	0.090323	0.26631	0.14333	0.26415	0.42928	0.45357
-0.062594	-0.2121	-0.22599	-0.032952	0.1335	0.1331	0.22747	0.22193
-0.049313	0.060462	0.15256	0.15193	0.48618	0.52387	0.57885	0.46292
-0.030562	0.11495	0.024331	-0.13003	0.032773	0.16114	0.19809	0.18725
-0.057649	-0.022793	0.046963	0.057283	0.34639	0.35196	0.37173	0.33303
-0.064313	-0.063064	0.090844	0.32822	0.55749	0.63332	0.64362	0.58959
0.28086	0.4148	0.58622	0.66383	0.67804	0.76933	0.64377	0.53003
0.17422	0.14811	0.21112	0.45841	0.62615	0.53347	0.6213	0.58589
0.053884	0.091896	0.025194	0.038525	0.085603	0.25393	0.20121	0.076913
-0.44907	-0.4702	0.38958	0.45864	0.36647	0.72225	0.60327	0.52584
-0.066731	-0.080981	-0.08523	-0.21383	0.12997	0.20254	0.23015	0.22101
0.19442	0.18097	0.11279	0.20789	0.25979	0.29411	0.37562	0.40175
0.18538	0.054994	0.050241	0.19306	-0.05423	0.12102	0.22118	0.2265
0.18665	0.3018	0.33322	0.29863	0.52898	0.51638	0.57523	0.57177
-0.32562	-0.39404	-0.16866	0.066542	-0.10123	0.043213	1.091e-05	0.064314
0.075193	0.085983	0.25018	0.46477	0.40001	0.34591	0.31982	0.32654
-0.10852	-0.1574	-0.22204	-0.0080829	0.33049	0.36924	0.36708	0.30659
-0.19972	-0.18977	-0.20544	-0.22091	-0.085497	-0.019803	0.11963	0.23503
0.1032	0.22988	0.059603	-0.060962	0.19114	0.43532	0.41113	0.4195
0.049922	0.18564	0.25895	0.30576	0.71609	0.71702	0.71348	0.62187
-0.11458	-0.088155	-0.11956	-0.09884	-0.11574	0.1357	0.32667	0.25639
0.11078	0.31385	0.27853	-0.17327	0.064228	0.26058	0.29271	0.33364
-0.07925	0.10809	0.101	-0.070729	0.17809	0.35936	0.39668	0.38548
0.293	0.43037	0.57866	0.24041	0.45993	0.54732	0.59605	0.54924
0.023995	0.020274	-0.028684	0.075178	0.25369	0.18085	0.24499	0.24521
0.55071	-0.031005	0.48204	0.56216	0.54785	0.61395	0.62014	0.56039
0.23249	0.087201	0.35189	0.43302	0.55634	0.46843	0.44282	0.40044
0.009364	0.091001	0.24453	0.33232	0.38756	0.49103	0.42486	0.382
-0.060097	0.13118	0.13948	0.16992	0.19867	0.1739	0.26314	0.37128
-0.25553	-0.20382	-0.19564	-0.064796	0.23536	0.47737	0.50588	0.51917
-0.079616	-0.030761	-0.12376	-0.14785	0.18959	0.36562	0.32305	0.30693
-0.22355	-0.17189	-0.14135	-0.14358	0.3125	0.39926	0.27811	0.27793
-0.15055	-0.25721	0.055807	0.022189	0.27235	0.43931	0.064785	0.073073
0.032715	0.27566	-0.13216	0.20481	0.27163	0.32824	0.28813	0.3153
-0.090138	0.047577	0.219	0.25582	0.45911	0.43317	0.37268	0.33857
0.13464	0.27073	0.21366	0.47041	0.61078	0.51913	0.59887	0.57857
0.129	0.033886	0.1321	0.52423	0.59604	0.38342	0.35046	0.32355
-0.22288	-0.10615	0.094655	0.097109	0.15171	0.2787	0.29839	0.31213
-0.17663	-0.026369	0.21953	0.38335	0.53073	0.54765	0.45246	0.43508
0.30774	0.18382	0.40883	0.43084	0.25071	0.2937	0.38921	0.21576
0.053707	0.29011	0.19914	-0.045797	0.2936	0.32952	0.37695	0.41979
-0.073976	0.042003	0.18447	0.35281	0.42682	0.44485	0.28917	0.38834
-0.2605	-0.085202	0.096502	0.078418	0.25003	0.22964	0.26995	0.25893
0.26719	0.0091872	0.1384	0.20516	0.42291	0.44296	0.50522	0.50712
-0.029144	-0.21994	-0.0087857	0.031013	0.48677	0.50176	0.47311	0.46151
0.103	0.21601	0.20464	-0.036398	0.14341	0.24295	0.1653	0.18636
0.095148	0.037009	0.069845	0.27296	0.50089	0.51318	0.44978	0.41763
0.1359	0.13169	0.25851	0.37149	0.62384	0.53508	0.59487	0.54198
-0.056477	0.13245	0.10887	0.5903	0.67553	0.60504	0.45955	0.33502
-0.041741	-0.1976	-0.21811	-0.13943	0.32638	0.3356	0.38258	0.37379
0.08235	0.12012	0.15668	0.12048	0.32927	0.40356	0.51676	0.52312
-0.25527	-0.22543	-0.10703	0.13699	0.66186	0.69035	0.61461	0.56285
0.071832	-0.089836	-0.08345	0.10854	0.22415	0.49809	0.51556	0.44231
0.3363	0.40774	0.39083	0.39929	0.45652	0.48394	0.47166	0.42491
0.091423	0.05748	0.058372	0.20292	0.56854	0.66905	0.62008	0.60424
-0.10317	-0.14899	-0.21615	0.10855	0.26901	0.30838	0.4199	0.39288
-0.020003	0.10097	-0.10791	-0.21627	-0.0020746	0.18765	0.22301	0.22222
0.021514	0.2192	0.31447	0.44227	0.59968	0.63328	0.49402	0.44592
-0.39852	-0.37259	0.0084048	0.61257	0.51645	0.4984	0.48261	0.39003
-0.35377	-0.24078	-0.2438	-0.62573	-0.44292	-0.10523	-0.0070709	0.051501
-0.30836	-0.249	0.020261	0.275	0.38345	0.31756	0.3915	0.3936
0.097009	-0.010133	0.017027	0.40917	0.82322	0.82472	0.79094	0.70676
-0.20667	-0.18001	-0.20201	0.10131	0.60628	0.47779	0.50854	0.45159
0.20947	0.24125	0.27069	0.23951	0.71758	0.67725	0.42645	0.41237
-0.25287	0.00028246	0.34778	0.53431	0.65815	0.68102	0.72879	0.68742
-0.15312	-0.034783	0.16694	0.3793	0.55937	0.54234	0.51789	0.40504
-0.14822	-0.070454	0.031476	0.11513	0.27445	0.31689	0.30675	0.27805
-0.0022811	0.017824	0.048241	-0.019558	0.094541	-0.10035	0.18442	0.30475
-0.055082	0.084482	0.39569	0.43247	0.49979	0.35834	0.16294	0.17124
-0.021064	0.074666	-0.10851	-0.15728	0.015771	0.15398	0.18234	0.2216
-0.20301	-0.21197	0.0091807	0.46274	0.56671	0.60077	0.56331	0.53556
0.34038	0.21024	0.0079649	0.14822	0.061669	0.23018	0.31725	0.33973
-0.11542	-0.2055	-0.11574	0.1344	0.4214	0.38849	0.43531	0.38725
-0.087916	-0.074389	0.15297	0.27639	0.3818	0.40951	0.379	0.40315
0.23949	0.12846	-0.076909	-0.14935	-0.013286	0.10502	0.35038	0.3604
0.30352	0.074938	0.14642	0.28223	0.59892	0.78581	0.6413	0.54837
0.039328	0.026492	-0.019885	0.075513	0.39805	0.46545	0.48298	0.42751
0.15315	0.062577	0.35803	0.40372	0.43197	0.40926	0.47641	0.32588
0.12547	0.041715	0.072088	0.087716	0.19442	0.24588	0.26181	0.32588
0.1989	0.16775	-0.12169	0.13876	0.60629	0.47035	0.42561	0.38038
-0.093359	-0.059166	0.018741	0.039686	0.34512	0.31202	0.34331	0.3185
-0.20217	-0.222	-0.35326	-0.12852	0.27077	0.47516	0.41935	0.41514
0.0058248	0.026005	-0.054749	-0.16978	0.11838	0.091552	0.056863	0.15138
-0.007593	0.131	0.18699	0.38261	0.72458	0.67641	0.5765	0.55362
0.091586	0.22208	0.26311	0.20364	0.45986	0.37174	0.40929	0.42563
-0.096045	0.088556	0.39523	0.39128	0.28424	0.40062	0.38072	0.38705
-0.20643	-0.18095	-0.26795	0.13686	0.26118	0.37376	0.20704	0.18563
0.22694	0.025962	0.10039	0.067589	0.32623	0.46842	0.41535	0.32596
-0.016044	-0.098777	0.23332	0.70017	0.66679	0.51653	0.48514	0.29784
0.04866	-0.12321	0.29277	0.21438	0.29711	0.36663	0.3417	0.31441
0.084582	0.1098	-0.049205	0.26116	0.23415	0.3159	0.38848	0.37874
0.00038792	-0.095736	-0.14322	-0.031967	-0.17196	0.051032	0.24485	0.23011
-0.025547	0.014081	0.06768	0.23295	0.13756	0.61096	0.5911	0.56377
-0.1917	-0.24193	-0.10859	-0.16179	0.0086034	0.27041	0.31562	0.28164
-0.010083	0.008716	0.031943	-0.075162	0.054986	0.29518	0.34327	0.34542
-0.13154	-0.39812	-0.17375	0.1781	0.49483	0.37297	0.48496	0.4544
0.25156	0.26794	0.12002	0.30405	0.46808	0.442	0.44853	0.3826
0.031207	0.057979	0.16219	0.20593	0.48937	0.47839	0.32986	0.2051
0.082004	0.19518	0.3751	0.46162	0.57917	0.59277	0.48701	0.43968
-0.12191	0.24578	0.2814	0.46423	0.44608	0.46333	0.47158	0.50871
-0.056689	-0.018829	-0.019473	-0.15208	0.12711	0.25179	0.24547	0.181
-0.16766	-0.19367	-0.1518	-0.024869	0.29327	0.25212	0.3802	0.42003
0.1289	-0.016748	-0.01609	0.24809	0.37793	0.53447	0.48197	0.44038
-0.041767	-0.10714	-0.29488	-0.28598	-0.13244	-0.047476	-0.02847	0.028023
-0.17214	-0.16621	0.043123	0.32065	0.559	0.54625	0.49922	0.45051
0.057716	0.15531	0.18496	0.17514	0.38655	0.42474	0.43702	0.36816
-0.2522	0.10257	0.28168	0.1649	0.34462	0.30087	0.29382	0.28233
0.1587	0.26753	0.3337	0.53882	0.68193	0.7004	0.57467	0.47755
-0.18177	-0.11478	0.11362	-0.012514	0.14285	0.38947	0.47575	0.45053
-0.11926	-0.035009	0.052433	0.085836	0.14205	0.28994	0.30674	0.27049
-0.079673	-0.025162	0.12629	0.3649	0.5973	0.63332	0.60721	0.60489
-0.060033	-0.084082	0.036661	0.27393	0.50201	0.59915	0.4421	0.42537
-0.12578	-0.027632	0.085315	-0.22707	-0.34893	0.031065	0.40178	0.44366
0.26102	0.33184	0.23183	0.25694	0.57884	0.6336	0.58474	0.47767
-0.013021	0.0666	0.14896	0.2269	0.29704	0.1349	0.16428	0.17681
-0.29507	-0.12488	0.14633	0.35377	0.53242	0.444	0.45043	0.45674
-0.24279	0.017698	0.15172	0.21906	0.50373	0.48904	0.46983	0.39554
-0.046776	0.019199	0.24497	0.30092	0.35998	0.54227	0.50602	0.53066
-0.099349	-0.11744	0.048085	0.25024	0.29382	0.58098	0.55213	0.49192
-0.04269	-0.016533	-0.016588	0.12789	0.32672	0.50361	0.43829	0.43719
0.10373	0.088516	-0.06105	-0.02507	0.098529	0.10271	0.362	0.32094
0.078006	0.18826	-0.15004	-0.065013	0.11899	0.42011	0.46933	0.46202
-0.19935	-0.23564	-0.39053	-0.19548	0.21063	0.32147	0.3509	0.32366
-0.11753	-0.18247	0.15745	0.046433	-0.18254	-0.16975	0.20091	0.27744
-0.27064	-0.24641	-0.071259	0.093561	-0.081895	0.14004	0.26208	0.25267
0.0016986	-0.063387	-0.114	-0.12012	0.41654	0.48475	0.45846	0.43244
-0.094034	-0.13315	-0.28242	0.16155	0.25435	0.29106	0.30348	0.31375
0.14347	0.022621	0.10042	0.20974	0.20974	0.47839	0.39392	0.34976
-0.10067	-0.3057	0.17269	0.40238	0.49935	0.6316	0.59984	0.44727
-0.42447	-0.44077	-0.35419	-0.026853	0.33059	0.46684	0.42575	0.40738
0.023933	-0.033723	0.055658	-0.062145	0.18316	0.53354	0.50931	0.51646
-0.17001	0.02156	0.12886	0.33931	0.41411	0.59661	0.47658	0.39879
-0.28194	-0.1289	-0.002135	0.24663	0.3336	0.55069	0.41337	0.37171
0.08939	0.0013921	0.18775	0.25193	0.35667	0.34598	0.36564	0.40674
0.041518	-0.20199	-0.11155	0.060571	0.082546	0.19236	0.23768	0.17422
-0.036818	-0.060673	-0.15558	0.034405	0.12137	0.38718	0.48886	0.44173
-0.15048	-0.048652	0.15927	0.2755	0.39225	0.6065	0.63628	0.61039
-0.05016	-0.078784	-0.083934	0.13662	0.44992	0.48824	0.44228	0.47367
-0.040731	0.06629	-0.082589	-0.085525	-0.0035133	0.17455	0.29238	0.32448
-0.20158	-0.24569	-0.085376	0.077745	0.17911	0.57519	0.66689	0.57591
-0.17268	-0.13259	0.20254	0.57634	0.47653	0.61462	0.42565	0.33481
0.016845	0.25397	0.5796	0.6818	0.76334	0.63501	0.50188	0.52644
-0.14054	-0.17135	-0.060681	0.19898	0.37036	0.38653	0.35738	0.28187
0.40881	0.50078	0.43592	0.31966	0.43201	0.63894	0.57932	0.50599
-0.027906	0.062584	-0.15007	0.065728	0.041442	0.14079	0.2047	0.12097
-0.28823	-0.20769	-0.16588	0.25898	0.50168	0.50455	0.43489	0.44108
-0.13272	-0.14541	0.47906	0.52633	0.49352	0.28289	0.32718	0.33934
-0.23134	-0.27661	0.060921	0.35069	0.34013	0.57429	0.48346	0.42963
0.16094	0.11876	0.2595	0.18321	0.66537	0.81881	0.55055	0.50707
0.27242	0.1536	0.17843	0.052388	0.37718	0.58932	0.56752	0.50577
0.0094174	0.10405	0.24769	0.52888	0.018423	-0.24143	-0.22376	0.016714
-0.43178	-0.43614	0.048555	0.21591	0.49544	0.55284	0.40607	0.34796
0.040019	0.030519	-0.052867	-0.20903	-0.253	0.28678	0.32539	0.28932
-0.051754	-0.17579	-0.14209	0.0075944	0.11825	0.60366	0.60251	0.51932
-0.09568	0.058419	0.19969	0.30094	0.67953	0.62598	0.48879	0.40572
-0.076727	0.047213	-0.050809	-0.28782	-0.18373	0.033974	0.10629	0.27281
0.14104	0.37643	0.33901	0.33371	0.38571	0.52389	0.43202	0.35597
-0.41177	-0.27444	-0.1585	0.13024	-0.0020352	0.14538	0.23579	0.22268
0.013155	-0.072053	-0.20057	-0.083815	0.22182	0.26345	0.25572	0.30017
-0.31073	-0.34272	-0.13979	0.23694	0.46595	0.42219	0.34959	0.28591
0.2373	0.32651	0.32883	0.22029	0.40463	0.46828	0.45244	0.34759
0.25569	0.51058	0.20224	0.29982	0.27093	0.27312	0.31389	0.2781
-0.23678	-0.2804	-0.41867	-0.01846	0.40189	0.46746	0.27661	0.2347
-0.14733	-0.037913	0.037893	0.12137	0.37555	0.54891	0.53565	0.43521
0.19895	0.25396	0.36546	0.056845	0.1824	0.49192	0.37248	0.29337
-0.034541	-0.14735	-0.12124	0.05097	0.12978	0.13656	0.19923	0.22147
0.20383	0.30861	0.3652	0.40289	0.53785	0.60574	0.61325	0.55971
0.13725	0.081093	0.23111	0.49515	0.16446	0.39567	0.32905	0.33298
0.23879	0.40909	0.49091	0.52441	0.55936	0.62181	0.60085	0.55846
-0.037413	0.031674	0.45456	0.68753	0.5244	0.4357	0.45361	0.43934
-0.2201	-0.13873	0.30737	0.52048	0.46418	0.48799	0.40383	0.40452
-0.09577	-0.097397	-0.34855	-0.18799	0.18421	0.52752	0.49459	0.37271
0.093093	-0.02244	0.19267	0.46212	0.48394	0.39531	0.43195	0.44903
0.21648	0.21857	0.27903	0.41029	0.51313	0.62844	0.51002	0.43063
-0.081792	-0.13893	-0.14722	0.084386	0.41314	0.48648	0.47866	0.46461
0.21402	0.2201	0.09443	-0.12471	-0.30602	0.15141	0.27269	0.3923
0.34209	0.42078	0.016234	0.098176	0.40939	0.58982	0.69514	0.63057
-0.23307	-0.13384	-0.21555	0.061	0.37222	0.3711	0.30586	0.34052
0.078181	0.13752	0.14946	0.33282	0.67734	0.59654	0.61663	0.55901
-0.46268	-0.19327	0.18052	0.43483	0.49152	0.60605	0.57775	0.55369
-0.26338	-0.31241	-0.27877	-0.020174	0.015585	0.12852	0.29859	0.36672
0.086146	0.12966	0.22386	0.48879	0.65118	0.65298	0.63687	0.55811
0.066168	0.046066	0.11119	0.22165	0.23371	0.21178	0.239	0.24274
-0.069737	0.14515	0.38382	0.36566	0.41291	0.57821	0.50355	0.42652
0.03676	-0.0054066	0.32054	0.4658	0.59077	0.24735	0.15129	0.25334
-0.07356	-0.084357	0.41255	0.46723	0.50037	0.53521	0.45922	0.36404
-0.12058	-0.066203	-0.046145	0.09682	0.044179	0.37907	0.43957	0.38797
-0.082836	-0.13194	-0.043555	0.088523	0.20437	0.28599	0.28572	0.2865
-0.37475	-0.36445	0.2573	0.40922	0.33587	0.30571	0.37334	0.40159
0.13051	-0.023934	0.15538	0.25234	0.41584	0.38316	0.33674	0.37743
0.29139	0.30205	0.20081	0.32784	0.41319	0.54725	0.54473	0.51664
0.055276	0.07056	0.10359	0.32006	0.60153	0.51495	0.51366	0.46555
-0.034547	0.035885	-0.083843	0.028845	-0.22115	0.37521	0.39275	0.35455
0.3566	-0.13669	-0.093733	0.14012	0.42198	0.44758	0.48869	0.48706
0.12985	1.9043e-05	0.389	0.10448	0.47524	0.55792	0.5725	0.45621
0.22748	-0.022988	0.20927	0.64485	0.65214	0.71001	0.69786	0.60895
-0.05524	0.27158	0.49351	0.58397	0.48884	0.76793	0.7054	0.6393
-0.1601	-0.061584	0.090154	0.29666	0.53563	0.73421	0.67731	0.57777
0.22814	0.28054	0.35063	0.25352	0.41085	0.45643	0.52571	0.48991
0.11555	0.20562	0.12084	0.24892	0.29458	0.29545	0.24658	0.22942
-0.22327	0.023844	0.10642	0.4392	0.55719	0.70259	0.64168	0.57949
-0.056937	-0.088828	0.11058	0.31233	0.29409	0.4393	0.41899	0.3749
-0.13842	-0.019815	0.094759	0.45445	0.57722	0.55429	0.53931	0.45367
0.3353	0.15492	0.15694	0.12582	0.37602	0.65177	0.59018	0.51855
0.20157	0.29399	0.56355	0.56836	0.5489	0.70851	0.59443	0.44637
-0.16922	-0.040524	0.099947	0.09569	0.41231	0.40845	0.45704	0.38348
-0.11418	0.11528	0.34884	0.060815	0.14835	0.26195	0.29327	0.29999
0.15222	0.011822	0.31261	0.43999	0.21832	0.35991	0.39044	0.48726
-0.035618	0.067054	0.36182	0.49049	0.61516	0.52712	0.46834	0.3938
-0.13637	-0.0079162	0.013834	0.12678	0.22573	0.39737	0.3402	0.2501
-0.053913	0.21509	0.34681	0.44946	0.70313	0.59463	0.58953	0.45209
0.1242	-0.066723	-0.007799	0.16068	-0.065248	0.22189	0.25887	0.21234
0.014066	0.073415	0.29391	0.40503	0.38502	0.39937	0.37248	0.35573
0.28009	0.064802	0.2084	0.66227	0.70995	0.7075	0.66772	0.63373
-0.082027	0.056802	0.28637	0.4858	0.65072	0.66764	0.44042	0.35425
0.021611	0.131	0.44998	0.30861	0.34788	0.24013	0.25342	0.16406
0.092264	0.076213	-0.070626	0.37155	0.68051	0.6635	0.60318	0.55356
-0.0022102	-0.16312	-0.19842	0.17232	0.30702	0.50461	0.43669	0.42031
-0.22655	-0.037004	0.15368	0.1343	0.39083	0.58976	0.54228	0.45398
-0.24242	0.14822	0.29509	0.4751	0.58005	0.57419	0.59488	0.52654
0.039398	0.21229	0.26869	0.41232	0.63364	0.68345	0.61108	0.51959
0.12251	0.048128	0.02808	0.31929	0.54971	0.59259	0.51675	0.44616
0.37537	0.44957	0.40589	0.41336	0.51496	0.57407	0.442	0.42012
0.045775	0.25976	-0.13379	0.3099	0.44655	0.57632	0.52696	0.46429
-0.12739	-0.22863	0.0072951	-0.059711	0.20219	0.38412	0.47371	0.50612
-0.5481	-0.40457	-0.32597	0.48127	0.61622	0.67088	0.55731	0.34836
0.15435	0.38189	0.4242	0.57847	0.75467	0.6601	0.54855	0.48313
0.26417	0.40032	0.48594	0.77373	0.7511	0.73065	0.6596	0.66639
0.18556	0.32066	0.3461	0.27949	0.43639	0.54078	0.46624	0.34041
-0.17309	-0.26947	-0.27921	0.10576	0.15318	0.41158	0.37319	0.41864
-0.064633	-0.094984	-0.16269	-0.17501	-0.012391	0.15422	0.17748	0.2155
-0.24725	-0.13133	-0.057382	-0.18799	-0.0064216	0.0074754	0.11886	0.11294
-0.17536	-0.11612	0.16554	0.34	0.33346	0.22762	0.32246	0.35623
-0.20295	0.064374	0.19314	0.53932	0.53872	0.40287	0.30363	0.29937
0.043553	0.023132	-0.08009	0.076476	0.41823	0.6197	0.6232	0.60504
0.084438	0.10634	0.25876	0.50744	0.7077	0.60527	0.55394	0.4246
0.064579	0.1685	-0.00036541	0.038901	0.6057	0.45068	0.42967	0.42597
0.15908	0.090397	-0.0034704	0.080667	0.070749	0.30272	0.34621	0.28179
-0.26691	-0.33531	-0.33513	-0.24226	0.032183	0.37222	0.39812	0.44033
-0.016371	-0.11112	0.034469	0.35271	0.50458	0.4772	0.43824	0.35559
-0.21503	0.12546	0.036925	0.21584	0.3233	0.39844	0.34293	0.31979
0.10292	-0.013719	0.095873	0.10409	0.069812	0.095172	0.12908	0.18619
-0.20648	0.046333	0.44456	0.59641	0.58929	0.59327	0.42249	0.3718
-0.15616	-0.051274	0.055847	0.12728	0.44587	0.46566	0.47918	0.49939
-0.27531	-0.3525	0.47101	0.42587	0.51959	0.50061	0.55825	0.47267
-0.0933	-0.0023027	0.20143	0.43606	0.46799	0.69602	0.63496	0.52382
0.02903	0.076459	0.046459	0.0040105	0.40129	0.43567	0.46674	0.48191
-0.26933	0.048006	-0.018107	0.24767	0.25538	0.44462	0.43694	0.42816
-0.12876	-0.12419	-0.090208	0.19381	0.42412	0.51973	0.5206	0.46662
-0.1192	-0.17071	-0.14031	-0.13738	0.2739	0.41026	0.36407	0.32581
-0.1385	-0.21294	-0.026562	0.51941	0.39118	0.51528	0.57251	0.56788
0.1225	-0.054932	0.18621	0.082317	0.2295	0.53008	0.58785	0.61418
0.12486	0.10845	0.29701	0.45911	0.74904	0.65148	0.63257	0.46484
0.08203	0.21631	0.33321	0.37483	0.53965	0.61532	0.7294	0.63906
-0.23198	-0.18211	-0.022062	0.31027	0.37048	0.47852	0.41354	0.34695
0.049692	-0.21919	0.19881	0.32981	0.67683	0.62936	0.51795	0.40376
-0.058797	-0.072777	0.22414	0.25299	0.66676	0.65505	0.58908	0.57452
0.013657	0.21594	0.019589	-0.12438	-0.0087985	0.42056	0.47049	0.42577
0.099021	0.23837	0.025233	0.22064	0.55553	0.56988	0.59366	0.56554
0.053617	-0.068686	0.015821	-0.021921	0.2921	0.30828	0.24901	0.18396
0.10558	0.2081	0.47205	0.45898	0.53621	0.40517	0.48279	0.45729
-0.16799	-0.12516	0.17038	0.61457	0.6706	0.70412	0.72217	0.74428
-0.066665	-0.23718	-0.38779	-0.21135	0.063962	0.016615	0.11708	0.10839
-0.38712	0.030759	0.20009	0.23334	0.15379	0.25085	0.33229	0.3765
-0.10699	-0.1444	-0.42929	-0.39405	0.188	0.41878	0.29742	0.19867
0.11226	0.15476	0.1765	0.26738	0.47221	0.46691	0.37753	0.34973
-0.17327	0.34332	0.3784	0.30115	0.57641	0.5619	0.51484	0.44648
-0.056848	0.070351	0.13715	0.23984	0.21215	0.2422	0.29081	0.28858
0.011603	0.13359	0.23161	0.41548	0.4027	0.34537	0.39352	0.38819
-0.013302	-0.067101	-0.0084852	0.12544	0.20495	0.47961	0.47781	0.39357
0.08292	0.07037	0.011539	0.25709	0.62622	0.64809	0.66367	0.59365
0.19878	-0.046414	0.29359	0.42408	0.51516	0.59999	0.56335	0.52931
0.03789	0.11752	0.075621	0.25654	0.12898	0.1918	0.25082	0.26531
0.057752	0.035414	-0.069601	-0.10437	0.22695	0.37802	0.38911	0.40521
-0.015266	0.1321	-0.028564	0.17439	0.73436	0.59018	0.5688	0.56898
0.15516	0.43409	0.56291	0.18387	0.22962	0.39128	0.37572	0.41129
-0.31105	-0.14613	0.18244	0.31772	0.50188	0.46632	0.51555	0.46192
-0.0022025	-0.043092	0.18809	0.37245	0.39794	0.44522	0.36022	0.29045
-0.077048	0.019169	0.00039104	0.064373	0.3396	0.45895	0.43207	0.37264
0.05822	0.027215	0.14349	0.29969	0.52589	0.618	0.60437	0.53136
-0.0019283	-0.033866	0.30064	0.56072	0.61674	0.5837	0.66448	0.57698
-0.097339	0.022322	-0.023744	-0.077606	0.23944	0.40479	0.43047	0.44663
-0.063994	0.0014415	0.08594	0.277	0.23087	0.38931	0.38407	0.26869
-0.16366	-0.094608	-0.057718	0.0081887	0.37474	0.33026	0.39988	0.44442
-0.0011074	0.10515	0.2051	0.1995	0.30843	0.47426	0.44386	0.42143
-0.029555	-0.12392	-0.32587	-0.19434	0.19971	0.29527	0.35886	0.4188
0.064674	-0.16041	0.25667	0.50399	0.80398	0.7779	0.72386	0.65686
-0.35053	-0.1869	-0.3062	-0.29234	-0.20652	0.086339	0.078599	0.18007
0.30304	0.2111	0.084196	0.27959	0.25897	0.517	0.4664	0.39046
-0.059388	-0.076909	0.19022	0.20664	0.34986	0.38497	0.31755	0.26166
-0.11377	-0.27929	0.033498	0.28435	0.57052	0.72994	0.53336	0.4111
-0.13918	-0.039335	0.18264	0.36117	0.49905	0.50131	0.5087	0.50082
0.15512	0.46691	0.64231	0.61442	0.55267	0.43771	0.43079	0.32587
0.29997	0.29755	0.37597	0.44881	0.64211	0.73264	0.70564	0.67115
0.1441	0.22571	0.17639	0.21105	0.4485	0.5234	0.45302	0.44836
-0.33555	-0.37346	-0.37194	-0.26914	0.37156	0.32934	0.29896	0.26878
-0.034268	0.060672	0.40638	0.37942	0.55421	0.56875	0.64815	0.61868
-0.26673	-0.075768	0.35392	0.39	0.68236	0.64778	0.64931	0.60257
-0.18384	-0.05056	0.086718	0.19147	0.51434	0.58115	0.54894	0.53025
0.10017	0.2267	0.31249	0.416	0.42162	0.60344	0.43719	0.41116
-0.091353	-0.13725	0.10741	0.14776	0.13841	0.41593	0.42174	0.36375
0.25238	0.33639	0.13902	0.20536	0.38911	0.46452	0.49924	0.4621
0.14401	0.34984	0.087103	0.10517	0.25876	0.31052	0.38148	0.30764
-0.21224	-0.27322	0.10222	0.25287	0.41912	0.63933	0.50277	0.4721
0.17688	0.19026	0.081321	0.22949	0.44122	0.38294	0.39183	0.39526
0.03002	-0.11281	0.09331	0.52045	0.50338	0.53536	0.40578	0.3748
0.08257	0.15777	0.17024	0.33187	0.31659	0.4423	0.39914	0.37964
-0.22098	-0.21958	0.069054	0.25188	0.29941	0.53827	0.49643	0.49805
-0.15433	-0.094419	0.093101	0.10807	0.20872	0.60984	0.58218	0.49442
-0.081137	-0.096763	-0.13918	-0.15478	0.14608	0.26351	0.36263	0.37057
-0.090421	0.018823	-0.089436	0.48976	0.69836	0.65764	0.6194	0.49908
0.092377	-0.016672	0.094031	0.26244	0.48165	0.55401	0.44076	0.4048
0.068316	-0.057523	0.062602	0.25075	0.41067	0.51953	0.39996	0.36221
-0.15794	-0.070583	0.079049	0.19616	0.44287	0.32544	0.3522	0.32415
0.010337	0.26441	0.47064	0.57503	0.61064	0.86	0.75019	0.68817
0.048892	0.12507	0.31273	0.35145	0.59303	0.45301	0.48557	0.49281
0.056125	0.19698	0.23616	0.28639	0.54748	0.5187	0.56214	0.54759
0.02255	-0.13903	0.029207	0.28927	0.3756	0.49959	0.63538	0.52736
-0.0014499	-0.10592	-0.067067	0.0056331	0.19088	0.18667	0.16746	0.18342
0.075006	0.0034604	-0.26273	-0.15547	0.36305	0.56178	0.52284	0.47307
-0.053925	0.053544	-0.17918	-0.14726	0.23205	0.63344	0.55986	0.48615
-0.17208	-0.10085	0.14622	0.4972	0.60469	0.53324	0.48866	0.44857
0.046788	-0.014908	0.35105	0.61892	0.67587	0.76962	0.71995	0.55879
-0.17073	-0.11881	-0.041848	-0.023904	0.28481	0.34938	0.39038	0.37877
0.055562	0.062876	0.23517	0.28473	0.4779	0.42712	0.4235	0.46182
0.038594	0.15554	0.17503	0.50776	0.672	0.70026	0.69937	0.6669
0.018325	0.031079	0.23932	0.24382	0.57556	0.58578	0.51149	0.39588
-0.19811	-0.16558	-0.036782	-0.18174	0.096414	0.2096	0.28506	0.2414
-0.13968	-0.048336	0.075922	0.1824	0.54636	0.46528	0.45569	0.39927
-0.047611	-0.14066	0.31198	0.3409	0.4928	0.63085	0.4048	0.33576
-0.20017	-0.12059	-0.028348	-0.10035	-0.13235	0.059121	0.097416	0.19045
0.10889	0.031426	-0.050742	0.16242	0.357	0.27752	0.30245	0.28128
0.33499	0.45092	0.53761	0.51231	0.35669	0.32999	0.31366	0.30132
-0.1051	-0.085394	-0.24249	-0.10001	0.22923	0.35158	0.44223	0.39455
0.1054	0.108	0.17015	0.099379	0.17098	0.27385	0.28066	0.26468
-0.31849	-0.33201	-0.31961	0.077692	0.34503	0.38572	0.39319	0.31742
-0.028884	0.084902	0.2075	0.52806	0.6196	0.46695	0.27659	0.21886
-0.03744	-0.15012	-0.30483	0.12489	0.50369	0.48805	0.44095	0.41266
-0.13783	-0.13213	0.073054	0.4637	0.18902	0.14528	0.14744	0.10832
-0.10645	-0.32836	-0.31983	-0.17796	-0.10802	0.25771	0.36027	0.29315
0.015652	0.091085	0.16903	0.33204	0.42212	0.32858	0.32552	0.36003
0.23455	0.30003	0.24586	0.41896	0.64462	0.58058	0.37734	0.21023
0.3782	0.4698	0.24653	0.13053	0.43419	0.56217	0.31632	0.32621
-0.073034	-0.19575	-0.22307	-0.14301	0.23779	0.28923	0.41529	0.47241
0.14502	0.1604	0.019192	0.1152	-0.03046	0.042443	0.072764	0.16875
-0.22475	-0.15948	0.04688	0.12847	0.53387	0.74294	0.65708	0.53766
-0.11825	0.10361	0.16056	0.29374	0.45283	0.52172	0.4726	0.42105
-0.20181	-0.15616	-0.032226	0.34626	0.43743	0.59575	0.6556	0.60295
0.17845	0.13845	0.19962	0.18071	0.32933	0.50364	0.42123	0.40172
0.24188	0.25862	0.27016	0.45938	0.27916	0.20307	0.29373	0.27551
0.15181	0.032483	0.14765	0.19434	0.37387	0.43567	0.34667	0.39745
-0.21731	-0.030042	0.11346	0.52075	0.49901	0.63497	0.55465	0.53565
0.061075	0.24975	0.51031	0.62464	0.69386	0.70816	0.6209	0.52046
0.21602	0.053353	-0.5286	-0.43617	0.074823	0.18631	0.20791	0.22128
0.11997	-0.014166	0.13383	0.3179	0.31357	0.36507	0.3656	0.31628
0.036771	-0.35914	-0.31337	-0.063787	0.24096	0.40759	0.45016	0.44203
0.39282	0.20842	0.58991	0.40092	0.59512	0.62226	0.60379	0.49927
0.28728	0.29213	0.30584	0.27264	0.47313	0.5178	0.46855	0.4108
0.10686	-0.022083	0.03206	0.031279	0.15044	0.056083	0.26085	0.30123
-0.060086	-0.17289	0.069225	0.10919	0.29369	0.39209	0.30085	0.21111
-0.11544	-0.11676	-0.17894	-0.087767	0.25962	0.43057	0.37777	0.40744
0.23205	0.0062729	0.31833	0.27133	0.46657	0.35771	0.36667	0.38592
-0.24979	-0.041033	0.11999	0.16139	0.34304	0.53552	0.66585	0.62967
0.025511	-0.052929	-0.20434	0.27305	0.41506	0.43198	0.39793	0.33563
0.1838	-0.12809	-0.018562	0.45554	0.65488	0.58343	0.46054	0.38628
-0.31728	-0.30155	-0.20981	0.36692	0.5777	0.71854	0.64345	0.5372
0.20332	0.078929	0.0017052	0.28559	0.36097	0.52835	0.43198	0.46947
0.34616	0.099536	0.3766	0.46719	0.65213	0.50186	0.30972	0.32283
0.027446	0.019723	-0.24491	0.25929	0.38584	0.46252	0.5059	0.45395
-0.1261	-0.21898	0.31452	0.11955	0.25902	0.19036	0.19901	0.20962
0.020917	0.20726	0.44227	0.57232	0.65385	0.5302	0.52521	0.51437
-0.19412	-0.076746	-0.069808	0.082435	0.27872	0.48057	0.55556	0.53567
-0.11338	0.10604	-0.21553	0.16791	0.53198	0.45	0.56159	0.59131
-0.054882	-0.21595	0.047255	0.30743	0.51525	0.52194	0.50432	0.44495
-0.085679	-0.19159	0.20687	0.39734	0.62423	0.4788	0.31422	0.27006
-0.40859	-0.14131	0.29607	0.55096	0.81201	0.77079	0.6222	0.53022
-0.14912	-0.13949	-0.029072	0.15363	0.43927	0.43313	0.45561	0.48781
-0.25756	-0.015718	0.27351	0.41927	0.44972	0.58939	0.52449	0.52367
0.0071369	-0.032641	-0.11002	-0.097759	0.24585	0.42353	0.46611	0.39296
-0.060374	0.14876	0.30075	0.42224	0.48249	0.60531	0.5975	0.55806
0.013807	-0.066271	-0.13644	-0.17461	0.039408	0.079014	0.16107	0.24426
-0.11599	0.016071	0.21584	0.20983	0.3074	0.36915	0.46886	0.45095
-0.25434	-0.28333	-0.43265	-0.31277	-0.34643	-0.0031182	0.10553	0.12994
-0.056377	0.015894	0.089183	0.11967	0.14201	0.28561	0.37875	0.39964
-0.13113	-0.069304	0.24676	0.1059	0.12023	0.27594	0.16767	0.15873
0.33964	0.25455	0.24274	0.3079	0.21256	0.32982	0.3167	0.24104
0.015116	0.10891	0.27422	0.25617	0.54413	0.73029	0.6903	0.53407
0.21883	0.22017	0.21058	0.62546	0.73213	0.69023	0.61659	0.54808
-0.25803	-0.2673	-0.2186	-0.083843	0.19361	0.39179	0.33672	0.3
0.422	0.058894	-0.076546	0.044475	0.034063	0.14654	0.30856	0.34039
0.03957	0.19387	0.42682	0.58464	0.66562	0.68293	0.72786	0.69166
0.27561	0.18389	0.27326	0.21293	0.23188	0.34078	0.25461	0.31091
-0.033816	0.037244	0.37185	0.5726	0.80054	0.75544	0.73025	0.69002
-0.022118	0.39633	0.34859	0.49232	0.31631	0.34569	0.40646	0.32619
0.060879	-0.10049	0.0019878	0.13003	0.17638	0.278	0.34866	0.37724
0.024819	0.12223	0.33068	0.65091	0.54566	0.57789	0.41405	0.3478
0.077385	0.23378	0.41142	0.53848	0.54329	0.61419	0.63765	0.57414
0.052444	0.1523	0.25242	0.33336	0.57746	0.64702	0.56621	0.53153
0.36701	0.42844	0.38251	0.42113	0.49522	0.62672	0.45439	0.41279
-0.30511	-0.023436	0.35669	0.75089	0.72886	0.70771	0.66586	0.59804
-0.22883	-0.13423	-0.08997	0.097997	0.37095	0.56987	0.5547	0.51163
-0.19584	-0.075813	0.24282	0.4533	0.3092	0.34323	0.37007	0.38201
0.16914	0.14256	0.10554	0.16949	0.027635	0.064689	0.14566	0.24567
0.14843	0.37337	0.33268	0.51573	0.64932	0.58858	0.37699	0.28529
0.37	0.28071	0.19997	0.42161	0.50765	0.63585	0.59158	0.52026
-0.19317	-0.18287	0.0096516	0.2206	0.55399	0.58291	0.52713	0.4075
0.13405	0.12344	0.20977	0.17979	0.34493	0.58737	0.55321	0.47995
0.017398	0.036466	0.17448	0.43708	0.63418	0.86227	0.78363	0.6828
-0.14799	0.19463	0.19087	0.0057408	0.17898	0.3393	0.29818	0.31235
0.22952	0.18001	0.074648	0.52201	0.52178	0.59462	0.63363	0.64732
-0.35804	-0.18315	0.14458	0.24967	0.51449	0.77851	0.69553	0.66279
-0.28661	-0.2964	-0.21356	0.42383	0.4594	0.461	0.51659	0.51709
-0.17735	-0.1304	-0.13255	-0.2518	0.030741	-0.046683	0.18247	0.18093
-0.11776	0.086868	0.26899	0.077913	0.15041	0.33384	0.3765	0.38351
-0.098653	-0.036442	-0.10902	0.46791	0.5741	0.59679	0.60125	0.56535
0.070814	0.21728	0.0055334	-0.08617	0.29893	0.25587	0.25048	0.27778
-0.086495	-0.19276	-0.28216	-0.22223	0.058274	-0.041306	0.069714	0.13359
-0.28937	-0.14736	-0.21075	-0.1268	0.19943	0.34274	0.32052	0.29008
-0.35094	-0.27983	-0.070075	0.19297	0.56081	0.47233	0.55915	0.44878
-0.12987	-0.24938	0.028709	0.56968	0.73474	0.74802	0.6942	0.65883
0.29754	0.3287	0.33609	0.59576	0.55689	0.4599	0.41444	0.39586
0.20732	0.23714	0.11959	0.28256	0.60374	0.59997	0.45645	0.46579
0.058882	0.22805	0.33561	0.44441	0.64725	0.703	0.70549	0.5565
-0.097387	0.10907	0.12082	0.15011	0.18787	0.52687	0.44631	0.36267
0.12886	0.071082	-0.00031558	0.0083919	0.36357	0.45641	0.51474	0.44865
-0.21849	-0.018661	0.015073	0.19099	0.3579	0.79735	0.7365	0.61504
0.18433	0.039885	-0.1382	-0.067836	0.27429	0.33775	0.32527	0.27211
-0.42428	-0.14592	0.45265	0.71255	0.82343	0.84102	0.76884	0.64213
-0.19128	0.085918	0.22766	0.44957	0.58874	0.51896	0.44229	0.38991
0.23764	0.042313	-0.031095	-0.033044	0.32281	0.52003	0.56431	0.57118
0.045596	0.1587	0.3108	0.4105	0.24211	0.36485	0.37587	0.37823
-0.045027	-0.057002	-0.1448	-0.11064	0.016222	0.14803	0.25654	0.23752
-0.019694	-0.04184	0.05674	0.16744	0.18711	0.31425	0.28403	0.31232
0.094266	0.086918	0.14021	0.24759	0.37923	0.55106	0.54476	0.48389
0.11932	-0.099358	0.010476	0.31655	0.49163	0.66601	0.78999	0.7314
-0.30487	-0.18281	-0.13579	-0.13197	-0.16041	0.30451	0.33468	0.3358
-0.0053595	0.089354	0.43127	0.3666	0.49263	0.53533	0.53623	0.40189
0.40355	0.17729	0.28157	0.46004	0.69443	0.75925	0.76854	0.70004
-0.020596	-0.04492	0.079018	0.12284	0.35284	0.42399	0.44248	0.41338
0.18912	-0.22095	-0.0099221	0.11323	0.31428	0.41795	0.37354	0.28281
-0.17615	-0.10358	0.099494	0.29769	0.39318	0.55798	0.54193	0.53614
0.061159	0.20586	0.28495	0.33915	0.39527	0.48597	0.38254	0.3143
0.0073392	0.1339	-0.06029	-0.39052	-0.20887	-0.058819	-0.033765	0.019139
0.17331	0.29064	0.16736	0.19607	0.35951	0.32471	0.46555	0.40065
-0.19878	0.15716	0.25292	0.3258	0.5371	0.38802	0.50777	0.48367
-0.22922	-0.23674	0.29156	0.060613	0.47942	0.5238	0.51311	0.46914
-0.19105	-0.19468	-0.12651	0.036026	0.15283	0.19116	0.32086	0.37896
0.03753	-0.050463	-0.064666	0.17552	0.36814	0.38622	0.22437	0.26796
0.0014691	0.072915	-0.10164	-0.14648	0.17453	0.2116	0.31744	0.35894
0.22851	-0.33656	-0.14396	0.27068	0.53846	0.4693	0.38933	0.35132
0.078069	0.082482	0.25499	0.43837	0.51369	0.59667	0.6199	0.63368
-0.074918	-0.056425	0.13589	-0.044304	0.52188	0.52051	0.54958	0.50476
0.058953	0.094331	0.23053	0.26963	0.25518	0.47781	0.4552	0.43662
0.043018	0.072809	0.21054	0.44857	0.62617	0.76968	0.6001	0.45152
-0.12716	-0.32277	-0.23819	0.17541	0.20038	0.30833	0.29255	0.24949
-0.070736	-0.070865	-0.17966	0.2314	0.071057	0.12044	0.20432	0.23691
-0.23998	-0.21893	-0.022093	0.30591	0.12304	0.43617	0.50248	0.5168
-0.061593	-0.07375	-0.26755	-0.30511	0.062714	0.19002	0.17512	0.156
0.23406	0.25551	0.35312	0.60503	0.71216	0.71319	0.63676	0.57498
0.25371	0.28603	0.35081	0.57959	0.39123	0.33779	0.30378	0.24515
-0.13719	-0.19718	0.047965	0.043413	0.44326	0.40231	0.40088	0.37379
0.26401	0.43369	0.40105	0.50537	0.26896	0.19124	0.052845	0.051934
0.082858	0.12361	0.04252	0.039144	0.33248	0.32455	0.39163	0.29501
0.32821	0.49015	0.55992	0.62358	0.49524	0.3818	0.41363	0.35044
0.19377	0.2001	0.077259	0.12774	-0.11166	0.14218	0.25438	0.27134
0.079905	0.34755	0.52586	0.55788	0.57512	0.46054	0.38295	0.30529
0.23171	0.30874	0.51751	0.67881	0.77759	0.77269	0.73795	0.66978
0.06827	0.17991	0.19376	0.19642	0.32269	0.44106	0.43484	0.41555
0.16842	0.0314	-0.07433	0.16482	0.17404	0.4516	0.42797	0.38821
-0.31549	-0.13521	-0.19644	0.21852	0.25717	0.40371	0.26777	0.23511
-0.062512	-0.030142	-0.37112	-0.27354	0.36039	0.46835	0.49823	0.47455
-0.067076	-0.037706	-0.14561	-0.13805	0.066155	0.24303	0.26158	0.23691
0.13387	0.19716	0.37664	0.35188	0.63099	0.66211	0.63641	0.58254
-0.16204	-0.22953	-0.24209	-0.3268	-0.32325	0.033814	0.18625	0.26787
0.13836	0.089884	0.20537	0.37317	0.37035	0.40146	0.36866	0.38665
-0.24428	-0.22699	-0.29103	-0.12796	0.2289	0.32442	0.33937	0.34025
-0.46587	-0.33057	0.089768	0.18674	0.38301	0.55623	0.64342	0.56832
-0.23992	-0.22829	0.40307	0.42103	0.49749	0.55554	0.48077	0.40541
0.16998	0.42155	0.2797	0.50316	0.38107	0.53784	0.57276	0.54811
-0.16812	0.021071	-0.061079	0.13059	0.43606	0.41958	0.43773	0.38332
0.19384	-0.0095678	0.16545	0.15733	0.36026	0.71169	0.66489	0.54916
0.0065613	0.016441	0.14923	0.20944	0.53745	0.60138	0.58688	0.56988
0.19783	0.30951	0.28461	-0.026227	0.11645	0.074886	0.18393	0.21453
0.0066839	-0.06561	-0.094355	0.011349	0.2958	0.58053	0.47856	0.40761
0.34528	0.45703	0.43737	0.51262	0.54758	0.40204	0.30753	0.32528
0.055959	0.25535	0.32876	0.53832	0.56401	0.67447	0.71019	0.74888
0.0062662	0.27767	0.35001	0.40083	0.47242	0.56217	0.60332	0.45656
-0.22767	-0.18516	0.0090567	0.04828	0.16172	0.19216	0.26763	0.29631
-0.15502	-0.18678	-0.2213	-0.38103	-0.084234	0.18015	0.24101	0.26006
-0.17029	0.10485	0.24586	0.57263	0.66021	0.68287	0.59604	0.44309
-0.1213	-0.11835	-0.12365	-0.01833	0.31011	0.39796	0.488	0.49898
0.075206	-0.17924	-0.20894	-0.14895	0.0635	0.10583	0.14254	0.16971
-0.31075	-0.18768	-0.044618	0.058755	-0.07876	0.028696	0.17867	0.22464
0.065092	0.072686	-0.0094941	-0.040437	0.093849	0.29849	0.2476	0.22504
0.064219	-0.07554	-0.21683	0.13921	0.54183	0.75503	0.71479	0.66321
-0.030857	0.085252	0.26413	0.26632	0.64817	0.58581	0.4391	0.44868
0.14913	0.24573	0.201	0.28387	0.32986	0.46977	0.46344	0.36617
0.13975	0.29408	0.36532	0.40427	0.53583	0.53677	0.6108	0.55205
-0.27419	-0.1768	-0.11482	0.065775	0.081957	0.20256	0.2604	0.37078
-0.20518	0.00091788	0.06143	0.44256	0.5003	0.39406	0.32718	0.2948
0.089722	0.13023	0.10819	0.002645	0.26597	0.39182	0.39281	0.35241
-0.16962	-0.33651	-0.11155	0.1939	0.40278	0.44497	0.39249	0.33384
-0.061217	0.25144	0.42434	0.57595	0.77959	0.60689	0.56782	0.50009
0.2162	0.18385	0.24854	0.36723	0.41062	0.68396	0.66691	0.61986
-0.0085473	-0.062573	0.10445	0.0073935	0.5033	0.55883	0.52164	0.50205
0.19358	0.19543	0.057752	0.19547	-0.01177	0.056799	0.24972	0.31876
-0.15386	-0.11085	-0.0033469	0.20675	0.44125	0.48126	0.4497	0.50074
-0.35343	-0.42744	-0.40011	0.028073	0.32466	0.39231	0.41363	0.40678
-0.45793	-0.44826	-0.53218	-0.6568	-0.3654	-0.099071	0.18646	0.2306
0.064544	0.13565	0.19488	0.30744	0.36182	0.63903	0.62778	0.52917
0.18198	-0.090277	-0.057323	-0.02983	0.2371	0.2145	0.37792	0.37419
-0.035918	-0.095935	0.31835	0.48175	0.52015	0.52396	0.51563	0.46535
-0.074814	-0.18836	-0.12651	-0.040481	0.25189	0.32247	0.26481	0.29119
0.1387	0.040516	0.26161	0.42985	0.82052	0.59504	0.53978	0.45433
0.35629	0.36164	0.43249	0.46816	0.53236	0.65982	0.44198	0.35115
0.27797	0.28927	0.29984	0.56293	0.40998	0.47442	0.42033	0.42501
0.14254	0.057958	0.34831	0.46006	0.50965	0.50239	0.48721	0.44221
0.096199	0.17395	0.39575	0.4285	0.66156	0.61357	0.52454	0.44161
0.14449	-0.056786	0.026299	0.30422	0.39049	0.4184	0.35138	0.34858
0.21178	0.20207	0.012894	0.30372	0.38201	0.64775	0.5823	0.51229
0.082088	-0.05137	0.00042408	0.23228	0.43565	0.50248	0.43267	0.38581
-0.27768	0.037768	-0.20149	-0.061837	0.14267	0.50184	0.45751	0.41607
-0.065862	0.043446	0.16311	0.35125	0.31446	0.36778	0.33055	0.33907
0.044001	0.029881	-0.134	0.094835	0.0244	0.20434	0.35571	0.33814
0.090931	0.14869	0.26638	0.36638	0.5955	0.62461	0.45972	0.37186
-0.038355	-0.080411	0.15121	-0.075857	-0.099792	-0.050908	0.13188	0.15894
0.0032226	0.16494	0.034665	0.39218	0.61941	0.74375	0.67795	0.57144
-0.16724	-0.083136	-0.21697	0.18673	0.39415	0.44523	0.41443	0.3436
-0.058134	0.08764	0.19897	0.44556	0.62062	0.53671	0.55098	0.44329
0.0093911	-0.11199	-0.28413	-0.24476	-0.011584	0.22423	0.31748	0.31339
0.017182	-0.25827	-0.4624	-0.28233	-0.18841	0.02658	0.30212	0.27549
0.058302	0.076866	-0.016856	0.0558	-0.008792	0.36018	0.38937	0.33468
-0.013617	0.27338	0.39585	0.37179	0.25842	0.3421	0.30185	0.39669
-0.205	-0.28486	-0.033132	0.20002	0.44904	0.46057	0.40895	0.39255
-0.2812	-0.21106	-0.10516	-0.10726	-0.050962	0.40699	0.45603	0.48035
0.058971	-0.30379	-0.50519	-0.28943	-0.18423	-0.06277	0.041316	0.16559
0.031486	-0.01297	0.30104	0.36507	0.46459	0.58928	0.44108	0.47911
-0.26813	-0.38943	-0.36136	-0.27856	-0.00054964	-0.091994	-0.0020854	0.079011
0.30189	0.073349	-0.015404	-0.53488	-0.31282	-0.27689	-0.10334	-0.052359
-0.033371	-0.050108	0.14668	0.31598	0.26033	0.57122	0.52068	0.39632
0.3668	0.44024	0.54128	0.61268	0.75281	0.67256	0.59455	0.49198
-0.44932	-0.52563	-0.43018	0.38519	0.15863	0.36721	0.52001	0.49842
-0.043233	-0.19089	-0.13419	0.25489	0.55217	0.71829	0.64588	0.46082
0.042918	-0.0037519	0.1729	0.49397	0.62321	0.67066	0.52347	0.51448
-0.16572	-0.23276	-0.33979	-0.074105	0.21006	0.30875	0.31284	0.30334
0.067701	0.17018	0.024303	-0.15066	0.39202	0.47488	0.47644	0.4592
0.01478	0.096532	0.15293	0.23439	0.24455	0.32804	0.38104	0.34659
0.10717	0.31569	0.54068	0.58479	0.46093	0.50426	0.49972	0.54046
-0.06892	0.12506	0.34247	0.14781	0.39815	0.38129	0.40524	0.40893
0.048504	0.22059	0.28396	0.285	0.19467	0.32192	0.24823	0.28152
-0.28824	0.018994	0.62281	0.503	0.6247	0.65431	0.5892	0.51677
0.17532	0.091858	0.23639	0.49907	0.57284	0.55241	0.54014	0.49564
-0.13802	-0.18641	0.090617	0.22117	0.32795	0.48064	0.51406	0.49023
-0.05455	-0.061823	0.0891	0.016324	0.50959	0.59083	0.52541	0.46977
0.15039	0.25921	0.1557	0.0087411	0.4705	0.71711	0.6248	0.5533
-0.070248	-0.012843	0.18901	0.21636	0.29596	0.42104	0.45142	0.3954
-0.1312	-0.014487	0.078737	0.35503	0.27576	0.53754	0.55675	0.52324
0.20666	0.44446	0.21574	0.24301	0.51855	0.50012	0.50466	0.45966
0.10264	0.237	0.39865	0.28588	0.28976	0.40409	0.37654	0.39061
-0.041677	-0.049148	0.087104	0.31706	0.30967	0.38091	0.32947	0.26
-0.25611	-0.10882	0.072468	0.25023	0.03521	0.065969	0.16509	0.16515
-0.0030902	0.19972	-0.062435	-0.12108	-0.018491	0.14916	0.39878	0.37895
0.035472	0.085512	0.055241	0.069308	0.24128	0.3411	0.44558	0.35669
0.29697	-0.015017	0.096358	0.51928	0.51124	0.54382	0.48919	0.41498
0.16754	-0.066103	0.15613	0.43374	0.60848	0.65851	0.60755	0.6046
-0.13611	0.036726	0.24413	0.1238	0.2635	0.46006	0.34098	0.30574
-0.23352	-0.18912	0.12415	0.22181	0.29474	0.48181	0.52864	0.53383
0.42986	0.47652	0.50141	0.54186	0.62904	0.62734	0.52993	0.42786
0.035978	-0.058557	-0.066594	0.13028	0.28493	0.13218	0.14097	0.17662
0.20658	0.062682	0.28596	0.62724	0.89181	0.86334	0.73685	0.70828
0.064028	0.10446	0.071971	-0.046299	0.33285	0.3013	0.25659	0.24401
0.023676	-0.13425	-0.07263	-0.14641	0.18986	0.34655	0.31782	0.27548
-0.21009	-0.10555	-0.21002	-0.16439	-0.36997	-0.090433	0.19557	0.23179
0.079482	0.026063	0.020661	0.12611	0.23138	0.2868	0.29236	0.31893
0.090564	0.070046	0.093918	0.55714	0.33547	0.30894	0.27467	0.29637
0.13819	-0.024201	-0.14795	0.2591	0.32832	0.45262	0.51454	0.42732
0.2191	0.20362	0.20519	0.28968	-0.048603	0.1353	0.089298	0.11856
-0.0065385	-0.019586	-0.17915	0.023799	0.17092	0.33973	0.23855	0.32981
-0.30809	-0.32643	0.053415	0.2121	0.45579	0.59143	0.50021	0.57386
0.0023984	-0.11761	0.34732	0.19886	0.23982	0.16047	0.21391	0.25481
0.096368	0.086958	-0.056602	0.023055	-0.026049	0.33595	0.34993	0.30022
0.14269	-0.030277	0.078282	-0.15198	0.3871	0.58615	0.61508	0.57253
0.11599	0.20874	-0.010156	0.49448	0.65022	0.66889	0.5518	0.48123
0.11303	-0.0035069	0.065527	0.25421	0.39695	0.65028	0.63801	0.51227
0.095819	0.17099	0.09885	0.15118	0.32728	0.4602	0.59165	0.47536
-0.30026	-0.26564	-0.11645	0.099374	0.35954	0.66355	0.56958	0.51588
0.16138	0.18692	-0.036195	-0.050049	0.23156	0.41769	0.4107	0.37803
-0.081617	0.076721	0.27374	0.2019	0.12957	0.26868	0.27193	0.24849
-0.28405	-0.2394	-0.389	-0.38366	-0.049762	0.051378	0.17616	0.2909
0.010628	-0.15146	0.22148	0.34421	0.2784	0.39986	0.33657	0.34613
0.06246	0.21636	0.27622	0.45639	0.54878	0.45886	0.45246	0.39662
0.2767	0.29592	0.59309	0.43061	0.48379	0.51419	0.49291	0.38438
-0.0040862	0.029095	0.34652	0.45618	0.47562	0.4683	0.36978	0.31975
0.27054	-0.083291	-0.13193	0.0071332	0.41143	0.42347	0.31467	0.33367
0.13328	0.10351	0.15321	0.25094	0.35969	0.57111	0.50237	0.49865
0.050188	0.13213	0.33104	0.47797	0.64173	0.77575	0.62785	0.57483
0.021702	-0.019678	-0.024771	0.032577	0.069457	0.33759	0.33147	0.31731
0.14739	0.11171	-0.018919	0.068589	0.31739	0.30117	0.29256	0.25967
-0.19629	0.17194	0.31855	0.5227	0.3246	0.45293	0.43121	0.35598
-0.0070549	0.089208	0.10689	0.099536	0.29766	0.28435	0.31441	0.29707
0.35113	0.31025	0.33143	0.46803	0.5429	0.61805	0.64426	0.54039
-0.22276	-0.1772	-0.19432	-0.13795	-0.25753	-0.037345	0.063766	0.15286
-0.075404	-0.19647	-0.15621	0.13928	0.22219	0.40886	0.38523	0.39256
-0.0036564	0.046836	0.11433	0.43378	0.41744	0.40852	0.54549	0.53494
0.27429	0.20293	0.56842	0.61705	0.59851	0.61402	0.62182	0.62691
0.30488	0.34853	0.47155	0.61773	0.46763	0.20872	0.19264	0.20694
-0.16051	-0.22358	-0.061005	0.21135	0.43622	0.45705	0.40006	0.46443
0.039357	-0.036592	-0.073803	0.096043	0.38739	0.49065	0.48985	0.47134
0.30593	0.24936	0.3413	0.33433	0.31637	0.40475	0.34205	0.32128
0.03142	-0.035913	0.34238	0.29752	0.49135	0.65342	0.52822	0.42732
-0.1178	-0.11514	0.054459	0.25728	0.4646	0.48437	0.48923	0.48966
-0.38244	-0.40014	-0.090458	0.0043851	-0.10869	-0.0034206	0.20752	0.23919
-0.17011	-0.10357	-0.083043	0.03551	0.01584	0.095472	0.29	0.30516
0.13829	0.14071	0.1388	0.15033	0.29736	0.40739	0.39611	0.40499
-0.17906	-0.13615	0.081462	0.22035	0.052378	-0.0038943	0.06355	0.12642
0.31944	0.3879	0.32795	0.31349	0.30522	0.46875	0.38363	0.32459
0.088192	0.27024	0.31478	0.4031	0.59527	0.62226	0.52144	0.46087
-0.15158	-0.054847	0.050491	0.18704	0.50197	0.5567	0.53286	0.60793
-0.027564	-0.12211	-0.0091777	0.10477	0.15994	0.37726	0.4166	0.42777
-0.36037	-0.29374	-0.068401	0.070366	0.3424	0.43226	0.41417	0.31208
0.053576	-0.032796	0.27036	0.6269	0.71255	0.77514	0.72113	0.55773
-0.15268	-0.16968	-0.26875	-0.17951	-0.036154	0.26647	0.2502	0.24192
0.13269	0.091176	0.1774	0.39995	0.42371	0.59947	0.44215	0.37173
0.33865	0.30259	-0.14783	0.2199	0.53613	0.69995	0.62383	0.65324
-0.2011	-0.16085	0.0014609	0.24225	0.46326	0.54128	0.58595	0.57262
0.40877	0.11651	0.13506	0.36482	0.26628	0.42326	0.42296	0.36942
0.001365	0.24778	0.49728	0.61744	0.54725	0.5219	0.43152	0.48977
0.10903	0.084582	0.052723	0.2924	0.43166	0.42328	0.27482	0.20935
-0.014156	0.070759	0.16634	0.34996	0.45954	0.53525	0.44098	0.33696
-0.028264	-0.058851	0.07866	0.22491	0.4449	0.47016	0.47968	0.46767
0.10795	0.13997	0.087174	0.19407	0.36047	0.66876	0.59376	0.48431
-0.13012	-0.017193	0.28553	0.50344	0.67393	0.68415	0.60001	0.59509
-0.11972	-0.03075	0.23679	0.38302	0.27158	0.49524	0.49988	0.4345
0.052828	0.015173	0.026748	0.25879	0.42244	0.77802	0.68974	0.57138
-0.24078	-0.072245	-0.13044	0.077041	0.15018	0.37325	0.30115	0.29139
0.029591	0.13958	0.15494	0.084705	0.23253	0.4038	0.32462	0.27721
-0.28495	-0.071804	0.10834	0.48723	0.53759	0.44812	0.46476	0.42091
-0.033285	0.033194	0.23695	0.43655	0.44682	0.56324	0.58593	0.52128
-0.12764	-0.032709	-0.17802	-0.14155	0.0023072	0.34431	0.34891	0.29698
0.12357	0.097288	0.20058	0.30928	0.29161	0.41725	0.4288	0.32857
0.06845	0.24146	0.28787	0.52881	0.68332	0.63815	0.56406	0.52046
-0.023045	0.070032	0.29963	0.45866	0.445	0.50433	0.54162	0.55801
0.21173	0.068257	0.011505	-0.18905	0.082165	0.046954	0.21814	0.32306
-0.28302	-0.39463	0.12775	0.44463	0.51337	0.64226	0.68218	0.59279
0.18471	0.16838	0.16837	0.1237	0.16948	0.59331	0.49116	0.41048
0.32988	0.21029	-0.1052	0.46755	0.38855	0.54095	0.50799	0.42757
-0.37419	-0.39827	0.457	0.64006	0.55295	0.49298	0.39102	0.45016
-0.062263	0.032791	-0.097765	0.031103	0.41886	0.45686	0.4869	0.44963
-0.34766	-0.42143	-0.48962	-0.3536	-0.10245	0.071218	0.21976	0.30917
-0.012492	0.11319	0.26588	0.23013	0.44762	0.45427	0.39585	0.34172
0.17842	0.1503	0.13349	0.33199	0.49414	0.46232	0.45453	0.41975
-0.10023	0.1718	0.17113	0.26346	0.24057	0.49126	0.43064	0.35478
-0.24711	0.083474	-0.22157	-0.20055	-0.18067	0.13024	0.22898	0.22411
-0.0016163	-0.014446	-0.051848	-0.05792	0.20196	0.25947	0.29836	0.27288
0.10281	0.064987	-0.087976	0.079652	0.2544	0.35137	0.44312	0.4249
0.16115	0.23441	0.24514	0.27752	0.41812	0.53586	0.57534	0.62643
-0.18761	-0.27659	-0.47244	-0.46567	-0.23959	-0.10985	-0.039354	0.021728
-0.08462	-0.15842	-0.20192	-0.015631	0.23013	0.47793	0.5079	0.4736
-0.088974	-0.080459	0.50304	0.47663	0.49761	0.62489	0.57267	0.48054
-0.14041	-0.11922	-0.069664	0.25078	0.64101	0.83287	0.74703	0.66317
-0.43434	-0.4008	-0.22972	0.092382	-0.056188	0.20265	0.232	0.28292
0.13083	0.26478	0.1699	0.31626	0.60395	0.6116	0.55935	0.44769
0.37558	0.54615	0.48306	0.64972	0.79356	0.85409	0.80262	0.73528
0.15207	0.19357	0.22408	0.47026	0.69074	0.70164	0.66583	0.57176
0.31779	0.33627	0.13972	0.30629	0.37828	0.4221	0.40422	0.36508
-0.16865	-0.17767	-0.3041	0.047222	0.42536	0.64225	0.5551	0.55773
0.073127	0.16523	0.24256	0.18678	0.2304	0.41707	0.41085	0.30708
0.21114	0.20836	-0.039073	-0.17976	-0.19071	0.21389	0.20249	0.26565
-0.072522	0.099919	0.18699	0.261	0.3458	0.32673	0.3836	0.33237
0.030901	0.079832	0.14247	0.26912	0.27971	0.30365	0.24111	0.2929
0.15853	0.22882	0.089154	0.5804	0.61322	0.44173	0.47932	0.47144
-0.11366	-0.18342	-0.25024	-0.18336	0.25849	0.40383	0.47593	0.42832
0.02134	0.045033	0.012124	0.25097	0.60303	0.68366	0.69424	0.60682
-0.2639	-0.050236	0.16403	0.34704	0.13968	0.39398	0.41613	0.34324
-0.021136	0.14363	-0.036496	0.46108	0.65318	0.63713	0.5361	0.44039
-0.3041	-0.18572	-0.05272	-0.0019601	0.17144	0.27588	0.31536	0.38242
-0.10652	0.043228	0.21841	0.54435	0.4992	0.50115	0.50254	0.56297
-0.07937	-0.09779	-0.057085	0.27848	0.44537	0.40779	0.41595	0.41403
0.16568	-0.23133	-0.16471	0.098514	0.38999	0.46848	0.38245	0.36888
0.056818	-0.11491	-0.31425	-0.36924	-0.17117	0.06141	0.35975	0.33277
-0.15235	-0.0044907	-0.029267	0.040982	0.43384	0.64559	0.57785	0.61282
0.11475	0.030381	0.061206	0.15586	0.30519	0.17092	0.15284	0.096055
-0.106	-0.0586	0.34847	0.30447	0.46895	0.42461	0.35988	0.30476
0.43191	0.17461	-0.12498	-0.1893	0.051985	-0.0065673	-0.025017	0.059795
-0.10585	0.11418	0.077828	0.16792	0.47186	0.50758	0.49392	0.50583
0.25689	0.19339	0.18507	-0.067829	-0.17848	0.068415	0.2512	0.33527
-0.2001	-0.019695	0.095105	0.1827	0.2768	0.36008	0.31183	0.24536
0.20071	0.15	0.28376	0.21196	0.5311	0.41729	0.45994	0.45606
-0.050294	0.019698	-0.070982	0.0536	0.67676	0.63301	0.58865	0.48085
0.22063	0.34052	0.21256	0.19875	0.43454	0.53095	0.46363	0.44062
-0.044501	0.1455	0.26248	0.56021	0.59097	0.55805	0.51195	0.50042
-0.1479	-0.088515	-0.072055	0.091938	0.47102	0.34242	0.33371	0.30897
-0.07906	-0.048716	0.24764	0.42195	0.71847	0.75906	0.57047	0.48181
0.093418	0.16579	0.4262	0.7593	0.7028	0.67188	0.62947	0.62467
-0.19262	-0.23897	-0.33384	-0.39323	-0.20754	-0.11344	-0.077574	0.019713
0.092475	0.11104	-0.037546	-0.0091074	0.46234	0.31407	0.4188	0.35433
-0.13156	-0.10028	-0.017916	0.24598	0.31441	0.48253	0.48523	0.44915
-0.099613	-0.10838	0.12538	0.16136	0.27611	0.50663	0.54449	0.54056
-0.067181	-0.049934	-0.11154	0.17653	0.38965	0.47634	0.61335	0.53304
-0.07665	-0.061281	0.038784	0.30251	0.30271	0.47506	0.47464	0.38295
0.19519	0.063415	0.046384	0.39274	0.64695	0.67935	0.54044	0.51146
0.035789	0.31828	0.49395	0.373	0.6664	0.63402	0.57187	0.54903
0.071089	0.034643	0.20711	0.47697	0.65673	0.69811	0.63268	0.57466
-0.37637	-0.17888	0.043646	0.3112	0.68591	0.60212	0.60186	0.51005
