-0.27082	-0.17369	0.016523	0.065323	0.15974	0.32058	0.3336	0.27369
0.16997	0.1955	0.23121	0.41158	0.39961	0.46137	0.38493	0.38017
0.48578	0.49766	0.53595	0.5386	0.49152	0.50475	0.48939	0.45272
0.010583	0.011361	0.11885	0.31026	0.42083	0.51049	0.49309	0.43506
-0.034861	0.13793	0.1406	0.32543	0.42977	0.48193	0.40176	0.3249
-0.10743	-0.071608	-0.17562	-0.034356	0.35686	0.47587	0.44661	0.4161
-0.26906	-0.17395	-0.064684	0.19566	0.37407	0.42084	0.35257	0.32619
-0.13839	0.2776	0.30717	0.46039	0.49851	0.47195	0.41932	0.36729
-0.024711	-0.034362	-0.017169	0.17719	0.35883	0.46167	0.42296	0.34501
0.19339	0.28928	0.35939	0.39106	0.51709	0.5243	0.45369	0.39227
0.30085	0.23615	0.2317	0.51587	0.59832	0.60486	0.50422	0.46096
-0.037785	-0.04289	0.15027	0.28807	0.41597	0.41559	0.33531	0.29632
0.16817	0.24357	0.068416	0.22284	0.39198	0.41686	0.35572	0.31759
0.082664	-0.045249	0.10584	0.26688	0.38335	0.37891	0.33278	0.31388
-0.2736	-0.41225	-0.3386	-0.023998	0.30807	0.29399	0.3976	0.41236
0.35037	0.45513	0.46345	0.5122	0.66873	0.63302	0.57073	0.52153
0.047715	0.021994	0.16826	0.50047	0.56455	0.57603	0.50188	0.45033
0.1176	0.18434	0.23747	0.28495	0.42312	0.47098	0.39248	0.34306
0.371	0.26312	0.22583	0.24391	0.34234	0.47072	0.5194	0.48396
-0.059285	-0.034684	-0.054643	0.34607	0.39722	0.38499	0.40127	0.38584
0.2063	0.26363	0.41626	0.46344	0.50305	0.54371	0.48807	0.43847
0.023805	-0.024026	0.072132	0.33674	0.54115	0.52826	0.52237	0.5029
0.20552	0.255	0.56012	0.67312	0.81361	0.75526	0.61105	0.52709
0.3031	0.10917	0.22779	0.25625	0.34488	0.36401	0.3858	0.35549
0.21036	0.28294	0.32222	0.38086	0.35758	0.31702	0.32483	0.31013
-0.10766	0.16599	0.29675	0.42748	0.42246	0.54248	0.45789	0.40801
-0.059982	0.028924	0.36014	0.50675	0.50268	0.48435	0.5129	0.45179
0.26056	0.31403	0.38371	0.4815	0.60884	0.65668	0.62152	0.56197
-0.20831	0.13869	0.23091	0.26889	0.42683	0.4247	0.43095	0.40598
0.020742	0.43658	0.17899	0.15634	0.18459	0.28277	0.28632	0.26866
0.23522	0.25812	0.30364	0.33522	0.487	0.45739	0.48947	0.46883
0.17151	0.1147	0.27582	0.17594	0.29115	0.30641	0.31781	0.24618
0.23167	0.32373	0.38746	0.41088	0.57337	0.64137	0.60325	0.50837
0.32304	0.26048	0.3092	0.39796	0.51032	0.53754	0.53114	0.48786
0.14021	0.046277	-0.03478	0.14814	0.37787	0.47741	0.437	0.39256
0.23479	0.21988	0.28438	0.33985	0.39541	0.36221	0.40236	0.37263
0.018234	0.057963	0.1985	0.36987	0.42687	0.46237	0.50161	0.44052
0.038652	0.11971	0.26766	0.52833	0.46181	0.57207	0.53475	0.42305
-0.053139	0.0059529	0.23719	0.29452	0.464	0.45895	0.41712	0.3892
0.18068	0.351	0.44915	0.41946	0.42447	0.42025	0.34917	0.30875
-0.12758	-0.016627	0.10307	0.34893	0.46396	0.52578	0.42714	0.36186
0.21109	0.38768	0.51448	0.57911	0.57388	0.64122	0.5969	0.51559
0.30068	0.20711	0.15996	0.19761	0.26984	0.35797	0.33216	0.35286
0.3946	0.37097	0.4399	0.40921	0.38863	0.55432	0.52849	0.49965
0.35037	0.25693	0.23691	0.28104	0.37306	0.45162	0.4603	0.4125
0.23793	0.2608	0.27797	0.49736	0.52882	0.61797	0.59653	0.572
0.21525	0.24905	0.35563	0.37495	0.40509	0.45352	0.42549	0.38209
0.028959	0.22249	0.47757	0.51668	0.61427	0.621	0.54858	0.43916
0.18784	0.47378	0.61517	0.53243	0.61075	0.63344	0.47055	0.39035
-0.015405	-0.079173	-0.043926	0.041376	0.15442	0.32831	0.3836	0.34766
-0.11892	-0.11767	0.014822	0.054447	0.28186	0.40392	0.45158	0.40463
0.077228	0.17005	0.11517	0.20985	0.48209	0.53206	0.49948	0.44586
0.091261	-0.037519	0.184	0.31085	0.35557	0.47488	0.46748	0.45499
0.1725	0.30879	0.29662	0.32901	0.51111	0.46789	0.46041	0.46042
0.15519	0.20485	0.23838	0.29461	0.38055	0.46308	0.46269	0.42171
0.17272	0.11634	0.22143	0.40753	0.39841	0.30712	0.3315	0.27135
0.19948	0.26326	0.2309	0.41035	0.58629	0.45707	0.40012	0.35296
0.23325	0.22514	0.30121	0.26969	0.37863	0.45071	0.455	0.44715
0.13666	0.079008	0.14668	0.17299	0.23241	0.3532	0.38496	0.35234
0.048011	-0.027781	-0.028744	0.20227	0.30738	0.47062	0.44774	0.427
-0.023448	-0.011309	0.072398	0.32754	0.40701	0.5565	0.52298	0.48951
0.060572	0.12052	0.18625	0.23095	0.47586	0.56905	0.52141	0.49735
0.2045	0.23488	0.065411	0.037795	0.23586	0.27365	0.34456	0.32981
-0.058798	-0.070712	0.17027	0.24499	0.39124	0.47058	0.49828	0.45985
0.058443	0.21359	0.25764	0.40124	0.39626	0.50943	0.46771	0.40607
0.028234	0.12541	0.11203	0.20169	0.3072	0.27657	0.22944	0.22746
0.14122	0.038197	0.14676	0.24808	0.28301	0.36825	0.36613	0.33927
0.11722	0.24819	0.30055	0.4283	0.56029	0.6104	0.589	0.49403
0.1328	0.19875	0.35725	0.37602	0.57187	0.64296	0.57128	0.50264
0.066735	0.054281	0.022186	0.14592	0.42145	0.46495	0.4333	0.41826
0.014245	0.1403	0.082026	0.39581	0.36963	0.44069	0.46194	0.41403
0.19976	0.30126	0.35322	0.44643	0.56122	0.50555	0.47552	0.46841
-0.13497	-0.068981	0.10184	0.37177	0.49622	0.54282	0.50468	0.45743
-0.30392	0.17688	0.3491	0.44727	0.34977	0.42796	0.41781	0.38553
-0.14004	0.037722	0.1554	0.3393	0.46869	0.5471	0.48421	0.43821
0.17266	0.20292	0.2604	0.2704	0.31627	0.43488	0.46288	0.45411
0.16811	0.07165	0.0011419	0.13192	0.23381	0.35841	0.36908	0.36265
0.14586	0.18582	0.26954	0.29549	0.28856	0.48408	0.42278	0.39992
0.097427	0.15642	0.13496	0.44474	0.45263	0.47364	0.3759	0.31676
0.23553	0.36208	0.30261	0.15958	0.20134	0.34217	0.3002	0.26271
-0.037611	-0.15224	-0.12277	-0.00050493	0.21423	0.4247	0.43679	0.40669
0.059398	0.053951	0.084404	0.13513	0.237	0.32702	0.33018	0.26862
0.10065	0.078736	0.098693	0.20126	0.40941	0.4655	0.47479	0.43607
0.017441	0.0060747	0.15652	0.28545	0.43037	0.49873	0.47091	0.41454
-0.087969	0.044841	0.21401	0.21331	0.40167	0.40211	0.37277	0.336
-0.015908	0.057773	0.12523	0.34699	0.46245	0.47379	0.48766	0.44633
0.041774	0.20643	0.28588	0.43135	0.57706	0.63173	0.58287	0.49596
0.010347	0.094786	0.16404	0.1583	0.25978	0.41063	0.46708	0.47306
0.0093803	-0.041143	0.1615	0.38316	0.45812	0.46945	0.44226	0.42059
0.15866	0.2436	0.25212	0.19721	0.37605	0.45578	0.43188	0.34878
0.20048	0.17794	0.24506	0.40609	0.40168	0.51064	0.49957	0.47452
0.10524	0.17598	0.29399	0.3366	0.51023	0.58941	0.57287	0.53463
0.034775	0.31162	0.37587	0.44318	0.47926	0.56269	0.49318	0.42229
-0.1652	-0.13601	-0.11851	0.25175	0.47339	0.56696	0.57131	0.53314
0.26517	0.21364	0.15803	0.32136	0.33432	0.44931	0.42294	0.39598
0.23764	0.21062	0.23015	0.18972	0.2249	0.27523	0.25801	0.24465
0.35659	0.41871	0.48843	0.65662	0.65704	0.67857	0.63536	0.59798
0.20733	0.4135	0.5456	0.56447	0.48496	0.55358	0.515	0.47464
0.060329	0.19729	0.31703	0.52544	0.66902	0.7645	0.73486	0.68303
-0.012011	-0.015449	-0.014075	0.18226	0.40842	0.44366	0.44892	0.38781
0.012278	0.043817	0.094351	0.10566	0.1408	0.24553	0.26764	0.27221
0.18831	0.21847	0.37694	0.53947	0.59474	0.57721	0.57423	0.52178
0.13209	0.16924	0.3182	0.33994	0.37668	0.53238	0.51393	0.49212
0.24707	0.22019	0.31991	0.35412	0.3417	0.41279	0.39369	0.34521
-0.12624	-0.11757	-0.18429	0.18396	0.39196	0.34356	0.34751	0.32534
0.067617	-0.031027	0.18942	0.18956	0.33622	0.40334	0.43101	0.4094
0.26849	0.30483	0.34096	0.28488	0.30511	0.35983	0.38883	0.33834
-0.0094468	-0.0093853	0.018072	0.13026	0.33582	0.47017	0.45679	0.4121
0.061411	0.22448	0.32285	0.41056	0.52771	0.70955	0.63006	0.58716
0.12787	0.15145	0.22053	0.25162	0.28838	0.40187	0.48182	0.45612
0.14903	0.049376	0.17271	0.25837	0.36379	0.37371	0.45601	0.45292
0.16534	0.14358	0.21492	0.27683	0.48159	0.52775	0.52254	0.51
0.080487	0.29819	0.47555	0.44066	0.41732	0.48609	0.44059	0.38931
0.0061884	0.12998	0.16469	0.10514	0.25014	0.38562	0.44089	0.41759
-0.089083	-0.13749	-0.005513	0.19275	0.4554	0.58023	0.54845	0.49693
0.26995	0.20169	0.29237	0.39919	0.49751	0.53059	0.49246	0.43096
0.17366	0.025251	0.24564	0.33324	0.51481	0.63995	0.60107	0.55775
0.19763	0.2235	0.25592	0.30162	0.38523	0.39123	0.42766	0.40631
0.047073	-0.12058	0.11592	0.24841	0.28431	0.50841	0.49333	0.47364
0.11636	0.28873	0.33469	0.38766	0.40719	0.41478	0.35446	0.30907
0.2505	0.43372	0.45523	0.59054	0.55594	0.57064	0.57589	0.53796
0.33645	0.42389	0.47063	0.59953	0.63736	0.62382	0.51036	0.44571
0.080888	0.14906	0.29056	0.35185	0.56832	0.49641	0.48578	0.47148
-0.060229	0.013781	0.22855	0.41664	0.56869	0.58283	0.57307	0.50045
0.11003	0.18826	0.21536	0.45288	0.53324	0.65124	0.64223	0.59958
0.090633	3.2174e-05	0.31276	0.47609	0.55195	0.44585	0.48347	0.43489
0.036877	0.014515	-0.18124	-0.12853	0.19584	0.32443	0.34537	0.32953
0.043302	0.27022	0.2631	0.44472	0.55737	0.54563	0.51032	0.49439
0.05612	0.0024279	0.085477	0.21911	0.36723	0.44839	0.46192	0.41445
-0.052215	0.032373	0.20279	0.33335	0.5832	0.62079	0.55606	0.49962
0.14573	0.17861	0.28413	0.40674	0.52699	0.58679	0.52359	0.47272
0.13057	0.11966	0.21649	0.27997	0.36324	0.35888	0.35318	0.33585
0.15982	0.089665	-0.0645	-0.030449	0.16556	0.38084	0.4108	0.37533
0.046676	0.12936	0.15938	0.30057	0.50177	0.54914	0.43963	0.37019
0.12443	0.1887	0.1454	0.22735	0.39785	0.44264	0.35808	0.31761
-0.031039	0.16793	0.37746	0.28892	0.40964	0.49014	0.47219	0.46177
-0.29807	-0.14691	-0.12291	0.095731	0.29377	0.3983	0.44846	0.42533
-0.25104	-0.060204	0.064953	0.15085	0.40469	0.46047	0.38395	0.30469
0.025404	0.19495	0.072757	0.10276	0.35358	0.39349	0.3572	0.27576
0.075076	0.14268	0.37465	0.42413	0.5376	0.4995	0.47468	0.43009
0.049899	0.14091	0.25634	0.36988	0.53338	0.56829	0.49465	0.44436
0.1723	0.34273	0.34035	0.51604	0.52751	0.61621	0.61198	0.58988
0.059871	0.15059	0.24938	0.4029	0.55173	0.6182	0.55211	0.50235
0.34069	0.25991	0.31295	0.4709	0.56863	0.5673	0.55253	0.52702
0.15871	0.16878	0.15843	0.29013	0.38886	0.54115	0.50715	0.44382
0.0011402	0.16861	0.28584	0.40607	0.36995	0.37765	0.3352	0.33802
0.42193	0.42231	0.44858	0.55749	0.48301	0.4575	0.43812	0.39005
-0.022596	-0.038345	0.19041	0.44989	0.5405	0.58562	0.54983	0.51125
-0.023369	0.23587	0.11883	0.53542	0.57823	0.59653	0.57586	0.51341
-0.096299	0.093677	0.22747	0.30745	0.36611	0.39775	0.34625	0.3352
0.24697	0.12386	0.17598	0.31654	0.50952	0.55435	0.46916	0.43663
-0.1404	-0.14253	0.07397	0.17761	0.37034	0.38842	0.38443	0.39532
0.34979	0.28724	0.31985	0.39712	0.43273	0.45814	0.37909	0.33897
-0.087283	0.25902	0.35716	0.51117	0.53099	0.42171	0.37986	0.35613
0.055423	0.17259	0.23935	0.40153	0.49188	0.60586	0.57496	0.53993
-0.12341	-0.18875	-0.15054	0.089172	0.22706	0.27134	0.29954	0.31366
0.19667	0.14591	0.10583	0.17856	0.38869	0.52038	0.45049	0.36825
0.18432	0.30628	0.36094	0.45449	0.49276	0.45759	0.47855	0.4112
0.091462	0.17384	0.25765	0.24361	0.33708	0.51786	0.50357	0.48274
0.014014	-0.046803	0.1929	0.23268	0.31388	0.3339	0.34792	0.34426
0.15478	0.36789	0.34364	0.48122	0.57088	0.60611	0.58319	0.53341
0.047363	0.048286	0.041427	0.18784	0.32276	0.46667	0.53938	0.50836
0.24881	0.26167	0.49395	0.56065	0.5488	0.56852	0.54343	0.45147
0.43185	0.41999	0.3322	0.39997	0.50657	0.56766	0.52122	0.48373
0.31777	0.28321	0.23455	0.22621	0.29568	0.35827	0.23992	0.18338
0.10487	0.23192	0.1588	0.31486	0.42074	0.38995	0.35285	0.31598
0.10612	0.096343	0.26775	0.39778	0.34908	0.41042	0.40756	0.36141
0.15602	0.2347	0.27092	0.355	0.40264	0.43022	0.41359	0.40763
-0.237	-0.32764	0.2802	0.40238	0.41909	0.53402	0.48689	0.39987
0.041534	0.059474	0.18954	0.26432	0.4882	0.53507	0.5171	0.46086
0.061821	0.016909	-0.013936	0.13126	0.22303	0.32344	0.39371	0.36035
0.10747	0.18859	0.24836	0.41012	0.45552	0.48657	0.49933	0.45076
-0.040874	0.0016006	0.052207	0.090912	0.38039	0.3464	0.32948	0.30076
0.04403	0.090133	0.21577	0.463	0.51754	0.54374	0.56642	0.4585
-0.34944	-0.34111	-0.14256	0.13153	0.30026	0.38692	0.37998	0.31343
0.16701	0.14955	0.22082	0.32963	0.426	0.47206	0.47247	0.44203
0.12863	0.013242	0.052217	0.28103	0.41085	0.39354	0.33937	0.3179
0.11514	0.12201	-0.065575	0.19046	0.35664	0.44982	0.38369	0.31257
0.1233	0.23316	0.32439	0.35865	0.36334	0.48576	0.46147	0.44152
0.21618	0.26095	0.43091	0.53323	0.61741	0.64467	0.59828	0.53698
0.099058	0.076852	0.054798	0.2635	0.44281	0.40254	0.44273	0.38164
-0.02023	-0.012762	0.070507	0.1638	0.36897	0.37264	0.39219	0.33638
0.12889	0.028701	0.088001	0.15138	0.40679	0.48104	0.41548	0.40556
-0.12174	-0.072554	0.16525	0.28591	0.45233	0.46541	0.47831	0.43348
0.091546	0.164	0.23729	0.32294	0.35846	0.50085	0.47739	0.43758
-0.1614	-0.11143	0.2109	0.26158	0.36365	0.41991	0.49067	0.45507
0.12672	0.15398	0.29334	0.39143	0.38758	0.40942	0.38904	0.39104
0.22259	0.1965	0.075576	0.28363	0.3505	0.41827	0.3613	0.2259
0.22877	0.33291	0.45245	0.54592	0.55394	0.60624	0.53305	0.46226
-0.022972	0.025024	0.2113	0.3558	0.40191	0.46229	0.53092	0.49531
0.085728	0.17211	0.23557	0.35235	0.44314	0.5115	0.5348	0.51108
0.065424	0.090964	0.12521	0.19926	0.46465	0.50412	0.43901	0.40724
-0.12196	0.044074	0.1968	0.38775	0.48472	0.51805	0.4265	0.35079
0.16095	0.24562	0.36062	0.48307	0.57322	0.57477	0.57032	0.52873
0.13185	0.1689	0.30757	0.52385	0.50558	0.52513	0.4973	0.42035
0.12479	0.29515	0.39613	0.53553	0.59915	0.57513	0.49832	0.43163
-0.15651	-0.19296	-0.20687	0.14839	0.27443	0.42909	0.40831	0.42913
0.098996	0.19296	0.30242	0.38685	0.45363	0.44356	0.4277	0.39484
0.058612	0.19366	0.21627	0.31501	0.4573	0.44161	0.4395	0.41958
-0.13057	-0.00026897	0.2132	0.27339	0.27979	0.29621	0.27951	0.25301
0.38219	0.45737	0.46168	0.4605	0.53565	0.59466	0.61088	0.56925
0.26258	0.17923	0.062487	0.088294	0.21896	0.28355	0.32288	0.32263
-0.027735	0.0097472	0.26444	0.3286	0.48553	0.42791	0.44073	0.38748
0.087529	0.18758	0.18579	0.27058	0.3969	0.38515	0.34721	0.28375
0.25232	0.30051	0.32111	0.39931	0.47166	0.58244	0.46212	0.34231
-0.040359	0.057139	0.069944	0.13254	0.44041	0.51363	0.53723	0.5096
0.12147	0.19712	0.36164	0.38803	0.3934	0.43174	0.42187	0.38686
0.12954	0.34991	0.3688	0.50254	0.57445	0.64667	0.57479	0.51582
0.31582	0.34652	0.22268	0.33033	0.47912	0.57675	0.51919	0.48289
0.085082	0.080475	0.17348	0.32994	0.29425	0.22242	0.25695	0.24749
0.081742	0.12644	0.37023	0.39738	0.53931	0.59881	0.51694	0.47158
0.035571	0.012643	0.058293	0.26619	0.36949	0.45074	0.42021	0.36463
-0.039524	-0.094845	0.090663	0.20061	0.41114	0.52925	0.49443	0.4269
0.10913	0.23303	0.27969	0.39363	0.40954	0.43631	0.43694	0.42382
-0.17312	0.17064	0.33967	0.36294	0.51526	0.54775	0.50146	0.44699
0.052344	0.19921	0.13267	0.25801	0.30088	0.3398	0.30483	0.32622
0.083202	0.19917	0.31984	0.44819	0.55947	0.58092	0.49843	0.43472
0.27657	0.27424	0.25537	0.32129	0.51502	0.55687	0.53336	0.51648
-0.065836	0.079551	0.27668	0.40045	0.49983	0.48119	0.51911	0.44409
0.11106	0.17843	0.25698	0.39578	0.54995	0.56228	0.46053	0.38573
0.12391	0.15666	0.33394	0.46083	0.50035	0.52063	0.45283	0.37412
0.16081	0.11163	0.30598	0.51935	0.69285	0.60985	0.56925	0.54542
0.33456	0.29613	0.45277	0.41661	0.55921	0.56027	0.53491	0.50654
-0.078388	0.043593	0.13995	0.4008	0.45276	0.48647	0.48788	0.47254
0.077449	0.10091	0.18326	0.11048	0.21855	0.39683	0.38839	0.343
0.2553	0.23378	0.268	0.33828	0.36451	0.42313	0.34542	0.31334
0.22947	0.26819	0.31196	0.38814	0.40963	0.49269	0.44395	0.41318
0.1547	0.1734	0.17417	0.30146	0.32533	0.41762	0.43308	0.40314
0.051421	0.066612	0.011423	0.34207	0.49133	0.37297	0.36023	0.32598
-0.059997	0.20567	0.32009	0.33678	0.48715	0.39988	0.35757	0.3193
-0.085071	0.07341	0.26312	0.47422	0.5505	0.56177	0.51347	0.40927
0.10759	0.20601	0.22873	0.32767	0.47907	0.65071	0.62204	0.57883
0.25246	0.24001	0.12539	0.16828	0.39824	0.44018	0.46517	0.43817
0.24774	0.27452	0.25895	0.4057	0.52648	0.59212	0.56804	0.50785
0.2075	0.38271	0.4426	0.3121	0.34404	0.46712	0.38484	0.26618
0.34687	0.24516	0.24834	0.28492	0.38542	0.50957	0.48874	0.43258
-0.17905	0.16481	0.031725	0.29778	0.49751	0.57662	0.56249	0.52571
0.25558	0.33636	0.35757	0.46309	0.57725	0.54311	0.51177	0.42025
0.027305	0.2743	0.3742	0.40748	0.43399	0.56967	0.54376	0.44395
0.061725	0.0067129	0.16342	0.29586	0.45957	0.48285	0.47082	0.41892
0.3074	0.41496	0.42837	0.43289	0.49477	0.41003	0.38922	0.37151
0.11116	0.060759	0.15445	0.35423	0.49569	0.59004	0.53858	0.46977
0.038545	0.14232	0.22696	0.42442	0.45531	0.46999	0.49115	0.41502
0.049255	0.1247	0.28173	0.39351	0.6321	0.64024	0.57028	0.46808
0.039077	-0.02064	0.12535	0.1594	0.36837	0.43957	0.44798	0.39958
-0.07604	0.067208	0.1236	0.26477	0.37293	0.42344	0.45285	0.44436
0.30057	0.09528	0.30948	0.33567	0.43467	0.49843	0.46218	0.45977
-0.077777	-0.022375	0.11796	0.19147	0.41175	0.51818	0.48985	0.41896
0.002543	0.077726	0.24092	0.44124	0.56109	0.57887	0.51233	0.44481
0.28433	0.3348	0.38687	0.49189	0.63244	0.58518	0.51894	0.48395
-0.029348	-0.03847	0.12105	0.26238	0.31537	0.38874	0.39627	0.37106
0.086185	0.098718	0.26685	0.36668	0.39682	0.33962	0.3029	0.29378
0.14853	0.21528	0.25502	0.34939	0.51964	0.59607	0.48988	0.46174
0.14167	0.26937	0.085383	0.12443	0.30408	0.3909	0.34065	0.31475
-0.013261	-0.0054345	0.057009	0.060514	0.14145	0.21501	0.22318	0.17594
0.32489	0.36189	0.3915	0.42583	0.52505	0.60306	0.59829	0.55965
0.099848	0.10915	0.23314	0.44964	0.56526	0.62367	0.58008	0.53042
0.37292	0.36142	0.4636	0.64341	0.63399	0.60779	0.53611	0.46814
0.060432	0.10892	0.22586	0.29744	0.34246	0.40012	0.42309	0.40791
-0.10347	0.10185	0.11434	0.25534	0.26566	0.45746	0.39782	0.31612
0.2493	0.30947	0.39762	0.43061	0.50097	0.54693	0.49713	0.40875
-0.061374	0.049163	0.164	0.30363	0.44353	0.45438	0.4556	0.45162
0.2627	0.39166	0.52251	0.56775	0.5993	0.5638	0.53389	0.49026
0.08103	0.085299	0.11496	0.19125	0.3761	0.52052	0.50056	0.45424
0.25017	0.29326	0.38156	0.49486	0.60085	0.57763	0.58259	0.56952
0.37582	0.44137	0.49347	0.5975	0.65371	0.68975	0.65018	0.60744
0.35634	0.38345	0.38424	0.44039	0.49931	0.5263	0.50019	0.41806
-0.14964	-0.056045	0.17336	0.28107	0.34679	0.53768	0.39838	0.28517
0.21958	0.30259	0.35113	0.46105	0.57497	0.60755	0.54159	0.469
-0.046189	0.036606	0.080554	0.3616	0.35173	0.48629	0.38739	0.32312
0.057243	-0.086745	0.13615	0.18658	0.32977	0.3614	0.31567	0.24681
0.26245	0.37257	0.43932	0.47814	0.51594	0.55009	0.49293	0.45459
-0.1318	0.051584	0.22568	0.43207	0.45386	0.51453	0.4428	0.40932
0.082938	0.13281	0.19192	0.20992	0.41071	0.45832	0.40154	0.32324
-0.092347	-0.081254	0.24472	0.2144	0.48916	0.58307	0.5369	0.49192
0.31848	0.39616	0.52899	0.55322	0.66441	0.71275	0.64394	0.52757
-0.23227	-0.22502	-0.04232	-0.0073724	0.12924	0.21013	0.27499	0.23996
0.16511	0.02942	0.15232	0.19317	0.32797	0.49415	0.49025	0.46039
-0.024716	-0.041382	0.035322	0.30805	0.41187	0.43993	0.42182	0.42638
0.078027	0.069743	0.20588	0.38247	0.43451	0.48192	0.41676	0.41011
0.42973	0.3873	0.47987	0.48631	0.52061	0.39497	0.35299	0.31081
0.1591	0.19705	0.33926	0.38693	0.59801	0.60219	0.51466	0.469
0.049348	0.26349	0.22183	0.37581	0.50206	0.60632	0.57939	0.48138
0.25291	0.37995	0.38307	0.472	0.57827	0.59839	0.48032	0.38633
0.0036644	-0.061353	-0.15689	0.098838	0.27162	0.29784	0.32115	0.29667
0.16388	0.24613	0.25237	0.42326	0.50891	0.56013	0.48042	0.41494
0.19694	0.21409	0.31005	0.32858	0.48682	0.53782	0.50548	0.44758
0.22981	0.33382	0.43204	0.53298	0.58161	0.5326	0.51096	0.42916
0.10049	0.25476	0.30079	0.37136	0.50145	0.53043	0.47369	0.45965
0.38417	0.46284	0.50462	0.57354	0.6831	0.62866	0.50585	0.45667
0.08962	0.17793	0.37478	0.37215	0.32387	0.43045	0.3957	0.39158
-0.073856	-0.026495	-0.005118	0.21858	0.51144	0.52132	0.4791	0.41772
0.22056	0.17573	0.072059	0.46929	0.45016	0.44006	0.45125	0.38751
-0.029355	0.13459	0.19411	0.36263	0.45644	0.62018	0.63458	0.5376
0.040829	0.077952	0.29997	0.43417	0.38434	0.42275	0.43101	0.41178
0.36955	0.3653	0.32742	0.37078	0.46548	0.48805	0.40614	0.35773
0.39301	0.45925	0.58557	0.62223	0.59742	0.59867	0.58752	0.51672
-0.11729	-0.11721	0.024964	0.043926	0.36439	0.47603	0.46774	0.455
0.26316	0.34276	0.46774	0.61792	0.61088	0.61837	0.56127	0.49813
0.13486	0.31379	0.2661	0.28238	0.37695	0.42737	0.37103	0.36115
0.11929	0.121	0.094633	0.32867	0.45374	0.47381	0.46935	0.42557
0.24483	0.25132	0.18397	0.29396	0.47398	0.53866	0.56428	0.55784
-0.10558	0.075174	0.068234	0.25347	0.39281	0.48113	0.41861	0.39217
0.03388	-0.0059177	-0.012425	0.055926	0.25887	0.34523	0.29693	0.2587
-0.093229	-0.07374	0.0040599	0.24312	0.3606	0.38246	0.36766	0.31519
-0.013942	0.14241	0.15484	0.26512	0.48882	0.55612	0.54085	0.48081
-0.20301	-0.073175	0.13409	0.33577	0.41026	0.48565	0.41767	0.3995
0.034616	-0.018574	0.11771	0.12703	0.34041	0.42218	0.41162	0.37526
0.1223	0.16837	0.31586	0.43658	0.45387	0.44716	0.40015	0.33531
0.14589	0.19308	0.24776	0.34479	0.44815	0.4646	0.42131	0.3924
0.10789	-0.098476	-0.20006	0.13602	0.24381	0.43254	0.43982	0.4124
-0.25523	-0.12244	0.10479	0.25345	0.52706	0.52057	0.50023	0.44511
0.20459	0.2432	0.39374	0.40419	0.47631	0.43388	0.44564	0.42726
-0.24479	-0.2077	-0.18313	0.035109	0.20401	0.35036	0.36647	0.29187
-0.14907	-0.12417	-0.01945	0.21776	0.24865	0.35809	0.37354	0.31267
0.17263	0.17268	0.25577	0.33647	0.54934	0.5949	0.55333	0.49959
-0.0012093	0.076929	0.12344	0.20484	0.28699	0.36698	0.26032	0.23804
0.24702	0.1224	0.18317	0.39586	0.54028	0.67316	0.62181	0.54265
0.17281	0.18086	0.16002	0.32061	0.5462	0.49901	0.39803	0.31486
0.1564	0.097097	0.25475	0.56566	0.68772	0.68747	0.63398	0.58458
0.04216	0.092157	0.16025	0.33127	0.49677	0.56238	0.54364	0.514
0.0054465	0.20821	0.31569	0.40563	0.34322	0.393	0.39447	0.32744
0.0025767	0.12287	0.11809	0.20237	0.35693	0.40516	0.33311	0.25111
0.054025	0.061598	0.13687	0.31047	0.41556	0.52292	0.46844	0.43292
-0.09142	0.24128	0.22179	0.29067	0.29247	0.31768	0.33446	0.33593
0.076363	0.15001	0.31945	0.36433	0.53657	0.54876	0.47256	0.40356
0.23417	0.30895	0.25145	0.42878	0.48892	0.5324	0.43399	0.35095
-0.093285	0.012353	0.16663	0.21108	0.30102	0.40508	0.3968	0.39927
0.09833	0.12302	0.11843	0.20152	0.41356	0.4521	0.44795	0.44323
-0.041762	0.12386	0.13228	0.12746	0.31286	0.22386	0.20521	0.23009
0.17719	0.10661	0.23664	0.42758	0.53488	0.63284	0.59027	0.55495
0.0069666	0.0034986	0.20606	0.3725	0.48231	0.47095	0.47752	0.42683
0.15389	0.16856	0.094019	0.097851	0.18346	0.37141	0.39751	0.37495
0.22056	0.29444	0.36491	0.49091	0.55823	0.6537	0.64967	0.57135
0.25446	0.14245	0.17482	0.25473	0.38601	0.49853	0.50663	0.51165
0.18762	0.26806	0.32439	0.33396	0.32792	0.26444	0.3269	0.29749
0.033765	0.27016	0.34865	0.35277	0.39654	0.47824	0.42491	0.40306
-0.21942	-0.24758	-0.21368	-0.033583	0.18745	0.26743	0.31465	0.3485
0.12494	0.098547	0.20544	0.20558	0.44077	0.44851	0.46996	0.45408
0.044756	0.36	0.38595	0.42236	0.338	0.32597	0.34303	0.32033
0.3687	0.31562	0.33097	0.34954	0.57738	0.54997	0.58791	0.5421
0.20757	-0.0053031	0.084693	0.21274	0.33416	0.53794	0.55186	0.52746
0.29204	0.39538	0.44683	0.43106	0.45939	0.488	0.50237	0.47698
0.36951	0.38924	0.35675	0.46252	0.52333	0.53892	0.5097	0.41034
0.038981	0.076104	0.12318	0.29512	0.36028	0.42452	0.39654	0.38811
-0.03191	0.18316	0.30755	0.42221	0.4587	0.57684	0.52915	0.49314
0.062932	0.088286	0.2983	0.42558	0.53977	0.59808	0.54004	0.47534
0.33742	0.3872	0.40448	0.49584	0.51202	0.57751	0.53253	0.45941
-0.15973	-0.22976	-0.24955	-0.20379	0.14607	0.22774	0.24077	0.2684
0.15409	0.073818	0.028352	0.067696	0.29423	0.39334	0.37571	0.31106
0.41136	0.26562	0.3267	0.43163	0.49718	0.5182	0.40644	0.38545
0.20028	0.16897	0.32212	0.45597	0.38029	0.45686	0.42236	0.3646
0.17181	0.18369	0.45271	0.51384	0.55672	0.60608	0.50279	0.47166
0.1564	0.30169	0.28704	0.43146	0.51192	0.52682	0.51598	0.41674
-0.26163	-0.21902	-0.21138	0.081809	0.29292	0.42254	0.43839	0.38741
0.20909	0.31391	0.46291	0.49984	0.55574	0.58386	0.52372	0.49988
-0.0085392	0.11985	0.11709	0.15123	0.33819	0.36194	0.38495	0.33078
0.095216	0.10552	0.2806	0.34582	0.48225	0.50701	0.45828	0.43979
0.17286	0.30212	0.3326	0.36557	0.53808	0.54523	0.46157	0.43117
0.067242	0.30637	0.44376	0.58481	0.64522	0.67739	0.54568	0.46022
0.13466	0.24493	0.21021	0.40682	0.4879	0.50969	0.47398	0.42753
-0.0025087	0.22113	0.30355	0.42939	0.51616	0.57309	0.51589	0.43587
0.25518	0.24248	0.26629	0.3453	0.39357	0.38961	0.41085	0.41644
0.13034	0.25261	0.37805	0.46638	0.53084	0.44773	0.40445	0.38842
-0.044113	0.041743	0.079036	0.29864	0.42606	0.47464	0.4772	0.45112
-0.16926	-0.017869	0.036653	0.23132	0.42345	0.50575	0.49221	0.50638
0.18139	0.16415	0.039149	0.191	0.21133	0.42359	0.44041	0.45458
0.34239	0.11442	0.15641	0.24847	0.35731	0.45078	0.44594	0.35124
0.18265	0.32029	0.37717	0.41383	0.47207	0.5364	0.46576	0.41362
0.20638	0.18499	0.20539	0.31542	0.52429	0.47365	0.45079	0.43981
0.18705	0.28337	0.42346	0.53911	0.5658	0.4905	0.46121	0.42139
0.039219	0.086908	0.1965	0.21565	0.40363	0.49867	0.51374	0.47503
-0.065671	-0.07844	-0.12575	-0.10006	0.28923	0.30023	0.33651	0.39638
-0.1021	-0.076665	-0.12051	-0.0033747	0.15903	0.25352	0.23114	0.26068
0.16101	0.063513	0.15178	0.18773	0.40308	0.50378	0.42215	0.34902
0.29218	0.32631	0.32961	0.40389	0.50117	0.64321	0.58397	0.52319
0.077926	0.013337	0.090133	0.17342	0.28002	0.4017	0.36117	0.28963
0.16168	0.25741	0.42481	0.5798	0.6426	0.61964	0.56409	0.54456
0.1112	0.2689	0.33942	0.43464	0.55334	0.49683	0.43344	0.37836
0.044616	0.014377	0.01574	0.088242	0.42237	0.50066	0.48864	0.4335
-0.20066	-0.18251	0.067	0.19618	0.36276	0.44453	0.48719	0.46034
-0.21076	0.051101	0.37587	0.41299	0.43554	0.45366	0.46767	0.44652
0.22386	0.12609	0.13389	0.17283	0.54913	0.54912	0.53274	0.4599
-0.038774	-0.12074	-0.077964	0.25923	0.41244	0.4919	0.44871	0.42544
-0.032376	0.01021	0.11723	0.35572	0.49006	0.55393	0.55287	0.51561
0.19994	0.17462	0.17367	0.36143	0.39603	0.39796	0.39202	0.3437
0.19244	0.18598	0.21154	0.30496	0.3586	0.41516	0.42041	0.34672
-0.039467	-0.13655	-0.021564	0.18436	0.35992	0.45105	0.44396	0.42136
0.038357	0.13055	0.32532	0.46933	0.51368	0.51641	0.54901	0.51011
0.22394	0.26493	0.37931	0.45591	0.55181	0.57392	0.5201	0.49317
0.38103	0.30147	0.24532	0.30349	0.39349	0.57318	0.56533	0.4968
0.29463	-0.1014	0.30166	0.30775	0.43341	0.50516	0.50538	0.41176
0.22569	0.17659	0.26575	0.33366	0.42761	0.47049	0.43174	0.36998
0.45363	0.53137	0.52729	0.51321	0.62158	0.65473	0.55997	0.4894
-0.0086209	0.11713	0.15996	0.17321	0.28552	0.41393	0.36646	0.3252
-0.10091	0.13691	0.35508	0.57878	0.61527	0.58036	0.56339	0.49219
0.33504	0.3124	0.37233	0.45187	0.47329	0.53814	0.50943	0.46211
0.01707	0.054383	0.28209	0.45218	0.48693	0.50659	0.51536	0.48358
0.10526	0.084497	0.0091123	0.19766	0.31445	0.48018	0.48627	0.46695
0.024818	0.02396	-0.11696	0.05039	0.19815	0.28574	0.3037	0.28477
0.25324	0.2461	0.23497	0.17386	0.23819	0.37792	0.39183	0.33054
0.10234	0.15028	0.28867	0.50269	0.5081	0.56883	0.55574	0.46945
-0.19066	-0.084559	0.20645	0.43106	0.49463	0.56642	0.55785	0.46673
-0.30851	-0.31867	-0.22369	-0.1167	0.082508	0.29756	0.42153	0.48337
0.35422	0.35885	0.38429	0.47867	0.54392	0.62746	0.54525	0.45568
-0.047217	0.021436	0.12236	0.19362	0.38624	0.45094	0.47737	0.44979
0.1368	0.23858	0.32664	0.28134	0.33262	0.50324	0.44956	0.39689
0.047235	0.062833	0.13272	0.19963	0.53209	0.54792	0.49321	0.41227
0.46913	0.35144	0.42962	0.4718	0.51794	0.56702	0.53029	0.48899
0.00043634	0.14727	0.15109	0.25509	0.48113	0.54437	0.51008	0.45888
0.032509	0.00095876	0.021456	0.094261	0.28195	0.57677	0.61025	0.53867
0.26069	0.36902	0.43155	0.44308	0.54429	0.62009	0.55665	0.47321
-0.13814	-0.04826	0.29319	0.23265	0.30922	0.37234	0.37348	0.361
0.024444	0.16567	0.33942	0.3762	0.40863	0.37962	0.34595	0.30454
-0.19774	-0.069709	-0.049529	0.11967	0.3528	0.46667	0.42473	0.37549
0.062471	0.30253	0.15431	0.20369	0.2316	0.32964	0.36144	0.36359
-0.047094	0.11695	-0.011447	0.40967	0.27495	0.40568	0.41015	0.40218
0.071171	0.12032	0.24498	0.38321	0.65633	0.65383	0.53599	0.46812
0.27258	0.28633	0.34945	0.40532	0.47369	0.60349	0.56347	0.51322
-0.20125	0.16209	0.40019	0.54912	0.61563	0.65683	0.6365	0.62997
0.30285	0.31817	0.43515	0.52959	0.66176	0.69987	0.65773	0.59862
0.025516	0.15994	0.091469	0.31841	0.4338	0.53014	0.53404	0.48513
-0.010703	0.086276	0.12015	0.23946	0.42449	0.44083	0.45059	0.42345
0.14049	-0.0094004	0.15347	0.25183	0.42126	0.51551	0.49797	0.40149
-0.17273	-0.19545	0.027025	0.28105	0.45677	0.57057	0.53696	0.43657
0.26508	0.30674	0.36311	0.42511	0.57073	0.71	0.60043	0.51828
0.18089	0.16619	0.30388	0.44839	0.28774	0.34614	0.29615	0.25361
0.10069	0.1621	0.17451	0.25091	0.39749	0.47764	0.44587	0.40119
-0.07281	-0.15178	0.07624	0.25255	0.34793	0.45288	0.44856	0.40614
0.099683	0.14086	0.21506	0.31023	0.35515	0.49678	0.45955	0.41955
-0.1405	0.07164	0.25613	0.39851	0.56607	0.57137	0.53827	0.48681
-0.12695	-0.028001	-0.12432	-0.029376	0.067364	0.1711	0.21038	0.18428
-0.028669	0.053015	0.24096	0.30987	0.47895	0.53495	0.48605	0.41807
-0.26488	-0.1056	-0.16152	0.070343	0.2352	0.41279	0.49214	0.48355
-0.031659	0.005789	0.072006	0.27302	0.49248	0.51916	0.47341	0.3701
0.27456	0.39097	0.4421	0.59048	0.67589	0.61674	0.56587	0.51909
-0.13842	-0.019328	0.12649	0.22687	0.51412	0.51089	0.50042	0.4359
0.17363	0.2799	0.33224	0.46555	0.50063	0.48575	0.46005	0.37715
0.12565	0.16212	0.15001	0.28516	0.37771	0.48745	0.45756	0.4377
0.22673	0.14304	0.30853	0.36579	0.58336	0.56486	0.51827	0.42604
0.046222	0.34069	0.37004	0.50795	0.54444	0.55593	0.46068	0.40535
-0.0010449	0.10103	0.2792	0.39498	0.64253	0.65901	0.63019	0.57844
-0.066082	0.018483	0.22702	0.42451	0.45857	0.48857	0.49455	0.44748
0.31102	0.36699	0.37197	0.51004	0.56586	0.62612	0.59485	0.51278
0.20922	0.28193	0.24138	0.22032	0.46035	0.49137	0.48364	0.44558
0.08632	0.14142	0.17462	0.43928	0.55148	0.50728	0.53544	0.49636
0.044097	0.22496	0.25291	0.36805	0.47919	0.47931	0.46687	0.45488
-0.2198	-0.16172	-0.15148	-0.17501	0.10305	0.22631	0.29812	0.29143
0.15091	0.18125	0.25087	0.26139	0.35861	0.5101	0.55546	0.47273
0.47149	0.51948	0.45611	0.34132	0.39072	0.447	0.43122	0.43795
0.22598	0.21614	0.23076	0.27527	0.4578	0.537	0.46665	0.3904
0.09879	0.15661	0.24144	0.40876	0.51798	0.56831	0.59842	0.52521
-0.24662	0.27351	0.30475	0.4923	0.57584	0.61197	0.5722	0.52561
0.039698	0.10675	0.15049	0.35885	0.44505	0.46766	0.46431	0.42096
0.20373	0.31805	0.32884	0.51184	0.63374	0.70007	0.58304	0.54408
-0.10613	-0.0094191	-0.004208	0.032219	0.08511	0.25174	0.33322	0.31973
0.18804	0.071283	0.035891	0.12243	0.25947	0.31763	0.2918	0.31338
0.11348	0.15098	0.24269	0.21928	0.29916	0.3316	0.36748	0.35889
0.34622	0.33883	0.53341	0.62947	0.66794	0.67629	0.59061	0.56263
0.29919	0.25829	0.24567	0.35088	0.38804	0.39966	0.29397	0.29092
-0.020881	0.11097	0.044099	0.49798	0.47973	0.45374	0.42021	0.40443
-0.12342	0.081983	0.24121	0.27732	0.44366	0.52734	0.49736	0.48255
0.28386	0.23238	0.26069	0.26095	0.25601	0.27001	0.25955	0.25471
-0.049752	0.046293	0.18864	0.34633	0.43979	0.5989	0.60143	0.56763
-0.0047524	-0.015808	0.20185	0.40685	0.49736	0.55825	0.43253	0.34002
0.13875	0.21905	0.24914	0.34637	0.36178	0.412	0.42568	0.36492
-0.08458	0.15552	0.26815	0.29671	0.29189	0.4132	0.43766	0.42069
0.137	0.13008	0.31471	0.4125	0.51976	0.51957	0.5134	0.46133
0.35943	0.23999	0.21067	0.18525	0.34277	0.42271	0.4292	0.4129
0.16355	0.11301	0.22103	0.35545	0.34352	0.51462	0.50398	0.46963
-0.037724	0.16329	0.066134	0.084526	0.23089	0.32913	0.30394	0.28167
-0.31623	0.17049	0.2947	0.25216	0.36493	0.35448	0.29221	0.25452
0.11603	0.27936	0.44234	0.52414	0.59445	0.57442	0.52444	0.48254
0.14595	0.26348	0.33851	0.42132	0.508	0.49712	0.42332	0.39184
0.040136	-0.0012714	0.040807	0.20553	0.43274	0.43797	0.41078	0.42013
0.17529	0.33638	0.44898	0.39238	0.44973	0.53197	0.54392	0.49496
0.018739	0.038568	0.22184	0.40879	0.55834	0.58662	0.56599	0.53233
0.14953	0.034923	-0.027139	-0.024041	-0.068029	-0.027875	0.028704	0.037436
0.39223	0.43455	0.43486	0.36465	0.45829	0.4395	0.45985	0.43108
0.029575	0.068755	0.12595	0.17286	0.14224	0.17016	0.24318	0.24861
-0.12807	0.17276	0.29373	0.27668	0.48418	0.57408	0.51187	0.47665
0.21628	0.28277	0.26206	0.32878	0.59462	0.61358	0.5532	0.48188
0.48204	0.5428	0.54847	0.53317	0.54954	0.55909	0.50599	0.46894
-0.02188	0.03848	0.1514	0.43239	0.66588	0.70279	0.63252	0.60796
0.2742	0.25163	0.29269	0.38169	0.45124	0.55418	0.50836	0.47876
0.14166	0.28396	0.29607	0.35844	0.42077	0.49188	0.39214	0.31922
0.13934	-0.0034468	0.086738	0.41261	0.54908	0.57579	0.56631	0.50836
0.12443	0.25308	0.28347	0.41693	0.5027	0.62434	0.60837	0.53867
0.22596	0.2164	0.22634	0.32588	0.46007	0.58914	0.59111	0.53403
0.14647	0.21574	0.27689	0.33016	0.42344	0.50051	0.40631	0.32644
0.1044	0.13735	0.26383	0.40223	0.47399	0.48827	0.40073	0.36969
-0.11709	-0.040148	-0.07497	-0.010865	0.083829	0.10145	0.19742	0.24978
-0.087597	-0.1689	-0.069553	0.064676	0.2101	0.31629	0.32973	0.27574
0.18029	0.22308	0.27832	0.40304	0.48847	0.5315	0.47051	0.43014
0.090511	-0.15697	0.10156	0.16384	0.28927	0.34923	0.34977	0.33873
0.18709	0.21208	0.30226	0.36706	0.499	0.55667	0.50627	0.47149
-0.15323	0.022013	0.25022	0.38445	0.48939	0.4818	0.50166	0.47323
0.48498	0.36172	0.25846	0.3624	0.50817	0.55674	0.5255	0.51772
0.026157	-0.08511	0.098382	0.14699	0.093495	0.2364	0.25414	0.26334
0.087011	0.26858	0.44572	0.4764	0.53247	0.59214	0.51956	0.47463
0.2519	0.34425	0.4887	0.52832	0.60093	0.61009	0.56592	0.50183
-0.051641	0.29101	0.28453	0.29608	0.44194	0.55975	0.50467	0.43937
0.050461	0.10793	0.28225	0.47445	0.46332	0.59471	0.54126	0.50274
0.11694	0.26361	0.2954	0.32484	0.47706	0.50726	0.47523	0.38852
-0.09473	0.087893	0.086658	0.1887	0.30258	0.38469	0.34375	0.34234
0.025607	0.11067	0.13021	0.26101	0.37113	0.35607	0.38995	0.38523
0.18335	0.1689	0.21655	0.28032	0.38328	0.39419	0.3855	0.37108
0.10914	0.23964	0.22588	0.27822	0.2783	0.45488	0.42879	0.42749
0.12542	0.098313	0.085093	0.16649	0.20346	0.3009	0.32585	0.27887
-0.072232	-0.098856	0.03053	0.16992	0.30761	0.27036	0.22384	0.20183
0.12018	0.22671	0.36767	0.42114	0.44831	0.49791	0.49231	0.44916
0.29846	0.35595	0.46249	0.51019	0.55214	0.53486	0.47874	0.41407
0.15984	-0.0095869	-0.066558	0.16321	0.46944	0.55203	0.48876	0.3856
0.1718	0.19331	0.32556	0.38928	0.55261	0.5881	0.48988	0.45596
0.091997	-0.021357	0.16445	0.1731	0.32577	0.50025	0.46634	0.39534
0.3716	0.1614	0.19434	0.37172	0.41194	0.48876	0.46569	0.43026
0.38202	0.19583	0.18174	0.28031	0.36897	0.41471	0.38894	0.33773
0.171	0.17002	0.14515	0.18272	0.36246	0.47228	0.4799	0.48416
0.60543	0.56975	0.52435	0.53427	0.57761	0.58675	0.50698	0.42861
0.19133	0.34348	0.41027	0.43121	0.5364	0.57036	0.48885	0.44608
0.26332	0.33118	0.38454	0.41144	0.6132	0.6168	0.531	0.49407
0.1901	0.29142	0.26966	0.24803	0.38842	0.40685	0.4382	0.37848
0.1735	0.18026	0.12305	0.18856	0.43034	0.3851	0.34897	0.32555
0.27325	0.28565	0.27064	0.37877	0.44042	0.54823	0.48364	0.42541
-0.087216	-0.018148	0.081004	0.10794	0.33884	0.41907	0.38615	0.33051
0.058353	0.18381	0.32532	0.21196	0.34144	0.37657	0.34578	0.32385
0.067833	0.16353	0.12866	0.20248	0.23902	0.39043	0.37405	0.36774
-0.062884	0.025505	0.24188	0.28788	0.46582	0.52271	0.44028	0.38506
-0.054035	0.02175	0.19352	0.37803	0.50596	0.52483	0.48388	0.44878
0.2425	0.34613	0.26635	0.38524	0.4373	0.43851	0.47188	0.38948
0.22303	0.19862	0.2292	0.27212	0.5104	0.49647	0.50321	0.47558
-0.11293	0.11651	0.15403	0.28975	0.41582	0.53216	0.49869	0.41379
-0.030498	0.047128	0.29996	0.41103	0.62659	0.55088	0.47175	0.40534
0.24874	0.34241	0.31879	0.41278	0.57767	0.56007	0.51032	0.42777
0.19375	0.15206	0.24842	0.22094	0.38015	0.42824	0.44423	0.42477
0.071623	0.25248	0.25942	0.37242	0.54837	0.56914	0.54655	0.5014
0.27144	0.18822	0.17693	0.22885	0.40404	0.41708	0.42229	0.375
0.40441	0.40961	0.3913	0.45876	0.49609	0.53748	0.4547	0.43163
0.053367	0.25136	0.14235	0.12457	0.35416	0.36415	0.37923	0.36643
0.29845	0.16435	0.19236	0.37924	0.38078	0.36752	0.41601	0.38974
-0.19815	-0.030603	-0.0096498	0.34941	0.34985	0.50962	0.48464	0.424
0.056323	0.19699	0.36952	0.35986	0.44621	0.43656	0.44063	0.42505
0.45934	0.46392	0.42831	0.48435	0.55372	0.59702	0.62144	0.57615
0.16387	0.22769	0.38488	0.38667	0.53189	0.57907	0.56172	0.54558
-0.12829	-0.019836	0.031942	0.10122	0.29769	0.41215	0.40363	0.39609
-0.023943	0.16534	0.27036	0.52665	0.62926	0.47519	0.4152	0.37443
0.12738	0.16022	0.1292	0.20443	0.39691	0.43905	0.39208	0.35966
0.34884	0.32223	0.36241	0.45343	0.46682	0.56428	0.56595	0.4858
0.12014	0.18494	0.26348	0.3125	0.34723	0.34297	0.36473	0.32037
0.39175	0.33213	0.42318	0.41649	0.46168	0.44936	0.42889	0.35798
0.086825	0.12612	0.22502	0.21636	0.29253	0.37255	0.35316	0.33315
0.034353	0.067861	0.12814	0.19405	0.36919	0.58578	0.58922	0.54479
0.013147	0.15559	0.16767	0.27813	0.34059	0.4952	0.47095	0.42021
0.27942	0.37152	0.3366	0.38965	0.5646	0.50701	0.46521	0.41383
-0.01388	-0.032135	0.092076	0.21078	0.31472	0.43766	0.42811	0.40909
0.16504	0.27597	0.40965	0.48301	0.58636	0.64995	0.6168	0.54975
0.092022	0.19189	0.24795	0.27314	0.48142	0.53018	0.49701	0.42485
-0.13669	0.036999	0.09523	0.22901	0.4462	0.50644	0.40883	0.31483
0.07308	0.089844	0.092152	0.17248	0.39654	0.48302	0.43747	0.38454
0.013009	0.32537	0.38189	0.4543	0.39198	0.44699	0.46599	0.43054
-0.001203	0.094295	0.096907	0.29775	0.44597	0.46693	0.47227	0.41448
-0.036265	0.17294	0.17851	0.28378	0.32742	0.40796	0.39768	0.32768
0.043849	0.012538	0.22131	0.23158	0.36304	0.40611	0.38631	0.37561
0.42378	0.33463	0.31445	0.39091	0.43899	0.54418	0.52107	0.47498
0.3055	0.33234	0.29672	0.40105	0.57865	0.55358	0.54978	0.49112
-0.18027	-0.15862	0.096377	0.24133	0.3965	0.37975	0.37484	0.35401
0.075173	0.056718	0.19163	0.37456	0.42743	0.55179	0.49827	0.46246
-0.10874	0.033349	0.096134	0.21987	0.31567	0.41815	0.45325	0.43704
0.062345	0.29747	0.36731	0.43907	0.52716	0.56682	0.54176	0.48428
-0.16001	-0.012431	0.3144	0.57596	0.70665	0.72238	0.67074	0.60897
0.017603	0.15754	0.15218	0.39362	0.53017	0.55255	0.51285	0.43346
0.16968	0.18633	0.19134	0.35302	0.42236	0.42699	0.39288	0.36537
0.1498	0.30787	0.35266	0.38991	0.37282	0.48703	0.47261	0.41951
0.20789	0.19677	0.2722	0.32551	0.41547	0.46828	0.47396	0.45545
0.084207	0.12135	0.13417	0.26706	0.36602	0.48022	0.47685	0.44151
-0.051135	0.02822	0.21988	0.28461	0.4161	0.49321	0.46856	0.39148
0.2771	0.15801	0.18138	0.20199	0.23581	0.30577	0.34641	0.31582
-0.065592	0.15658	0.32985	0.41452	0.46391	0.52687	0.48022	0.37971
0.23587	0.2914	0.35692	0.28601	0.39745	0.44388	0.41277	0.33887
0.11533	0.20139	0.16152	0.34134	0.40307	0.42141	0.40583	0.39663
-0.084192	0.14986	0.35399	0.48086	0.57134	0.5708	0.52163	0.47211
0.0056936	-0.06577	0.0081197	0.12309	0.29321	0.42338	0.40109	0.34699
0.059954	0.058656	0.1305	0.32326	0.44015	0.40603	0.32079	0.26615
-0.08028	-0.023086	0.12102	0.22557	0.43827	0.46879	0.48061	0.43054
-0.23467	-0.075007	0.2717	0.27967	0.50849	0.56605	0.51022	0.47155
0.27929	0.21859	0.26822	0.3284	0.40693	0.48999	0.47244	0.42863
0.0062553	0.10068	0.19406	0.43258	0.61127	0.62832	0.6268	0.55699
-0.05248	0.023913	-0.0086041	0.087646	0.25395	0.40781	0.38337	0.36359
-0.15203	-0.091052	0.14999	0.1113	0.26918	0.39518	0.38825	0.35126
-0.013442	0.015971	0.1042	0.16712	0.48367	0.52677	0.49167	0.43444
0.037435	0.311	0.30442	0.43304	0.55919	0.62298	0.54014	0.47802
0.17695	0.14784	0.1614	0.29854	0.43223	0.48874	0.48362	0.44613
0.14737	0.097985	0.049525	0.11848	0.41181	0.51425	0.51184	0.49013
0.23955	0.3687	0.57981	0.63828	0.55907	0.57926	0.55995	0.47811
0.36163	0.40093	0.38748	0.32578	0.45923	0.51168	0.54166	0.50024
0.15164	0.24525	0.28689	0.45464	0.44733	0.25115	0.27223	0.23608
0.18372	0.21122	0.26243	0.4764	0.55222	0.56623	0.51211	0.42903
0.155	0.32501	0.34075	0.27741	0.48862	0.53922	0.43346	0.39158
0.14845	0.20084	0.19477	0.29005	0.34681	0.40873	0.46267	0.43546
0.030139	0.1182	0.17185	0.27032	0.35088	0.37256	0.40834	0.40029
0.14931	0.06716	0.24459	0.32012	0.4144	0.41029	0.41135	0.41494
0.013763	0.046132	0.23946	0.41945	0.48637	0.53581	0.47406	0.4251
0.28552	0.43172	0.38606	0.46894	0.51329	0.51062	0.46078	0.42058
0.28057	0.25191	0.37737	0.5044	0.57141	0.54469	0.49319	0.43179
0.03074	0.095847	0.21405	0.39831	0.46028	0.52375	0.49289	0.40481
0.13727	0.14585	0.24429	0.38486	0.51253	0.57258	0.53048	0.50192
0.49008	0.40531	0.28058	0.37041	0.45946	0.57725	0.52419	0.44379
0.14398	0.20476	0.23855	0.19828	0.33394	0.44243	0.45062	0.39738
0.037743	0.090267	0.21627	0.45206	0.53603	0.52728	0.55197	0.54439
0.036285	0.094415	-0.12981	0.11974	0.1728	0.39145	0.41164	0.39337
0.18992	0.086866	0.11974	0.31176	0.43723	0.42908	0.44135	0.41572
0.36115	0.49434	0.5807	0.6283	0.67328	0.67053	0.60284	0.54721
0.093936	-0.12024	-0.069121	0.043251	0.22903	0.34011	0.3583	0.39774
-0.21512	-0.11886	0.016256	0.31273	0.49379	0.49339	0.5021	0.45232
0.06223	0.033963	0.13057	0.27408	0.51941	0.58379	0.48815	0.40049
-0.29105	-0.26304	-0.10984	-0.068691	0.27845	0.37121	0.38771	0.3762
0.38067	0.28861	0.27877	0.43594	0.49951	0.54469	0.4985	0.45337
0.20918	0.37183	0.29788	0.39946	0.42724	0.44343	0.42628	0.39427
-0.018342	0.016566	-0.027418	-0.060183	0.18296	0.2938	0.28087	0.29517
0.18512	0.25111	0.28614	0.43571	0.38484	0.43084	0.43611	0.41607
-0.28287	0.26945	0.25258	0.4025	0.56206	0.53373	0.50885	0.48306
0.064642	0.15876	0.21627	0.37554	0.51727	0.54211	0.50901	0.44626
0.17107	0.16056	0.13699	0.17575	0.375	0.56371	0.51197	0.45665
0.14423	0.36049	0.40005	0.64245	0.75676	0.69958	0.62061	0.55299
0.041586	0.22729	0.38811	0.4411	0.52126	0.68454	0.68865	0.63186
0.14179	-0.025715	0.11188	0.34302	0.4047	0.43567	0.48791	0.47275
0.27903	0.29938	0.18749	0.35884	0.43504	0.41243	0.40587	0.4035
-0.077374	-0.060044	0.022986	0.16703	0.43256	0.5185	0.44268	0.36076
0.40773	0.43648	0.44202	0.49702	0.543	0.56766	0.52079	0.48184
0.089244	0.083431	0.15695	0.29975	0.48905	0.5491	0.48507	0.4222
-0.033851	-0.10788	0.12474	0.37699	0.41373	0.45462	0.40012	0.33701
-0.1267	-0.084335	-0.1342	-0.053053	0.34453	0.42362	0.4497	0.39449
0.16682	0.1857	0.20185	0.44859	0.4481	0.47874	0.55312	0.47989
0.21826	0.1899	0.26944	0.41302	0.489	0.49583	0.4497	0.33253
-0.37733	-0.28792	-0.11128	0.005221	0.14981	0.19957	0.25192	0.25705
0.22242	0.22152	0.21634	0.48525	0.53884	0.56712	0.48799	0.43603
-0.17545	-0.030679	0.078887	0.17767	0.2801	0.41119	0.45842	0.45869
0.14658	0.19059	0.23626	0.43299	0.55069	0.50143	0.50456	0.48753
0.38277	0.15814	0.22609	0.40527	0.47998	0.51271	0.4965	0.41836
0.19958	0.17913	0.17814	0.1825	0.34203	0.414	0.5056	0.45473
0.16418	0.14318	0.25105	0.31284	0.50674	0.44434	0.4544	0.36866
-0.15497	-0.025288	0.068896	0.30075	0.42031	0.52598	0.51691	0.44336
0.068305	0.094932	0.249	0.23629	0.25094	0.28256	0.31698	0.33011
-0.20953	0.20338	0.4321	0.50842	0.5869	0.62623	0.56868	0.5184
0.11627	0.17347	0.25743	0.47226	0.50115	0.57505	0.54873	0.53856
0.08766	0.13727	0.17653	0.31056	0.49333	0.60723	0.5057	0.44271
-0.09073	-0.065181	0.017073	0.14986	0.25918	0.36258	0.3965	0.3595
0.36203	0.41707	0.39656	0.53013	0.59111	0.59664	0.54749	0.5132
0.028523	0.14623	0.3894	0.51502	0.62479	0.58813	0.60308	0.53557
0.14206	0.29102	0.36117	0.51596	0.69581	0.69785	0.60115	0.51268
-0.057671	-0.070458	0.013204	0.2154	0.26025	0.2913	0.32604	0.30393
0.11069	0.12758	0.13879	0.29951	0.48314	0.55907	0.55572	0.51888
0.0045839	0.04715	0.11984	0.15354	0.35284	0.49566	0.52016	0.47967
0.11309	-0.10116	0.018463	0.061627	0.097342	0.21328	0.28022	0.29108
0.027184	-0.047869	0.030109	0.1078	0.12161	0.286	0.33056	0.34518
-0.016094	0.026602	0.28654	0.49397	0.53805	0.62817	0.5443	0.44005
-0.015081	0.10286	0.18484	0.38451	0.38916	0.40395	0.35284	0.3694
-0.12477	0.0030582	0.23211	0.3133	0.40338	0.492	0.41259	0.36243
0.043137	0.064589	0.39291	0.44116	0.45385	0.54833	0.44166	0.34261
-0.035286	-0.02653	0.11385	0.22435	0.30834	0.37141	0.3474	0.35658
0.22496	0.089701	0.10757	0.10867	0.062594	0.092859	0.15276	0.12802
0.14221	0.10439	0.22578	0.4173	0.48634	0.51961	0.49615	0.44508
0.25868	0.24354	0.24692	0.25603	0.32403	0.36936	0.34042	0.3261
-0.054933	0.055891	0.050009	0.040654	0.54823	0.52027	0.50207	0.44663
0.27558	0.22889	0.32466	0.39545	0.45013	0.48233	0.45183	0.38265
0.29778	0.29989	0.31284	0.35784	0.41742	0.49146	0.44957	0.42197
-0.1399	-0.01445	-0.010964	0.017022	0.13979	0.16444	0.18594	0.17033
0.41937	0.47423	0.41815	0.38443	0.50137	0.4011	0.3419	0.30541
-0.13055	-0.11177	-0.11671	0.14504	0.2442	0.28109	0.33172	0.31093
0.27041	0.31552	0.32684	0.35233	0.35653	0.37908	0.35692	0.31501
0.025675	-0.21525	0.038014	0.25638	0.25711	0.35079	0.37906	0.37205
0.035063	0.0076222	0.12126	0.17107	0.16243	0.2834	0.31287	0.28626
-0.00087385	-0.00087797	0.29358	0.29967	0.5731	0.68127	0.62731	0.58323
0.13077	0.10579	0.043767	0.16662	0.25266	0.33624	0.40568	0.35674
0.29636	0.39174	0.30343	0.37332	0.39336	0.44196	0.435	0.42838
0.16861	0.24902	0.29676	0.4705	0.47694	0.46259	0.47338	0.43787
0.19588	0.13384	0.11798	0.2311	0.37286	0.29699	0.37652	0.36319
0.03653	-0.030912	0.26618	0.44233	0.5981	0.61076	0.56101	0.53746
0.18011	0.17547	0.35728	0.43637	0.53502	0.50123	0.43527	0.40883
0.24791	0.24713	0.23153	0.30437	0.35612	0.38153	0.39239	0.36551
-0.12022	-0.11569	0.033973	0.085202	0.29014	0.37215	0.41261	0.40361
0.11629	0.12657	0.23652	0.20426	0.35751	0.44395	0.44035	0.42173
0.17927	0.1213	0.16822	0.48473	0.50911	0.54382	0.50066	0.45167
0.20883	0.30761	0.42053	0.4893	0.5226	0.5865	0.53248	0.49535
-0.3495	-0.35127	-0.24758	-0.12736	0.13381	0.20464	0.34495	0.38228
0.35867	0.4576	0.53739	0.51841	0.63399	0.62319	0.56778	0.51624
0.25573	0.43825	0.50658	0.63267	0.67091	0.73437	0.66861	0.59973
-0.091293	0.083551	0.1521	0.22064	0.2752	0.30636	0.287	0.26882
0.29098	0.18987	0.26983	0.17493	0.26529	0.3981	0.45493	0.44512
0.22119	0.2304	0.21029	0.32654	0.42456	0.50029	0.4467	0.42295
-0.24929	0.26699	0.19684	0.18125	0.30411	0.41482	0.39836	0.39429
0.13402	0.21527	0.37777	0.43365	0.64014	0.5764	0.47155	0.40393
0.10674	0.15712	0.1744	0.29295	0.32848	0.3739	0.35562	0.36436
-0.14204	-0.24569	-0.25956	-0.11965	0.082508	0.21737	0.24452	0.24901
0.24068	0.37631	0.51925	0.55802	0.64196	0.57594	0.58405	0.58767
-0.27782	-0.082348	-0.1553	-0.084463	0.062394	0.30463	0.39419	0.36795
-0.12719	-0.005104	0.0731	0.18189	0.31829	0.3571	0.385	0.37209
0.33882	0.2281	0.22265	0.33348	0.39842	0.4485	0.38811	0.34455
-0.062956	0.086265	0.1501	0.10149	0.26896	0.39911	0.41385	0.39814
0.21524	0.22724	0.33135	0.44711	0.56887	0.65262	0.55879	0.45461
0.28931	0.26485	0.3137	0.57766	0.51222	0.5142	0.5021	0.40042
-0.044618	-0.014641	0.10472	0.15483	0.44931	0.46378	0.41659	0.3205
0.33482	0.37341	0.33203	0.39504	0.50875	0.56112	0.52898	0.41588
0.11771	0.32127	0.4629	0.50714	0.62499	0.63019	0.60956	0.57991
0.19277	0.23539	0.28869	0.34144	0.41399	0.50008	0.50022	0.43185
0.31533	0.15851	0.19348	0.27489	0.34807	0.42764	0.42056	0.34153
0.12198	0.25473	0.38979	0.42116	0.564	0.56443	0.49905	0.44381
0.099595	0.061142	0.20521	0.31776	0.38774	0.48657	0.47124	0.44132
0.20713	0.064119	0.0016431	0.20397	0.27827	0.43198	0.47971	0.4489
0.31896	0.27814	0.28363	0.41704	0.45965	0.48795	0.45091	0.39792
0.15042	0.27058	0.34878	0.43745	0.48324	0.46866	0.34395	0.37797
0.13844	-0.035179	-0.01584	0.074204	0.20509	0.24707	0.29723	0.31519
0.09448	0.29317	0.2592	0.38108	0.48015	0.55718	0.56054	0.50452
0.13393	0.17347	0.29844	0.48706	0.46209	0.51478	0.48258	0.43411
-0.22325	-0.15287	-0.008611	0.11992	0.28198	0.37249	0.42708	0.41577
0.087855	0.34714	0.39241	0.43806	0.57929	0.59848	0.54689	0.40907
0.043121	0.072188	0.11035	0.26194	0.33577	0.3972	0.38274	0.37779
-0.16296	-0.011235	0.0021394	0.20133	0.38499	0.37382	0.44736	0.41418
0.27925	0.28987	0.42866	0.55868	0.61012	0.61792	0.60094	0.52186
-0.040638	0.16459	0.3249	0.45924	0.60775	0.60179	0.52958	0.47353
0.15645	0.044196	-0.0066747	0.039696	0.29812	0.41365	0.42627	0.39738
0.26212	0.32044	0.25751	0.22083	0.31629	0.38641	0.39893	0.37089
0.32071	0.2039	0.13066	0.18876	0.34396	0.5382	0.54107	0.4948
0.052163	0.093596	0.37984	0.47376	0.5242	0.52432	0.48656	0.43704
0.1595	0.19058	0.29812	0.36743	0.56697	0.58669	0.59026	0.49244
-0.13653	0.072846	0.1875	0.40544	0.47196	0.5483	0.51251	0.45899
0.050919	0.034579	0.11229	0.25643	0.41148	0.50343	0.49247	0.49561
0.3899	0.43778	0.52995	0.63626	0.74459	0.72045	0.64929	0.58083
-0.11701	-0.16993	-0.029251	0.19385	0.24135	0.39364	0.44286	0.38427
-0.039979	0.0031313	-0.053991	0.32429	0.37099	0.47634	0.42958	0.38824
0.33442	0.3686	0.32367	0.41379	0.54654	0.63424	0.6182	0.53436
-0.043585	0.080724	0.085525	0.07607	0.31209	0.31492	0.35233	0.3424
0.36581	0.27666	0.33927	0.35068	0.48462	0.59447	0.54476	0.48245
0.21401	0.13667	0.14557	0.11954	0.31566	0.44085	0.45194	0.42569
-0.040899	0.059979	0.069112	0.20655	0.27995	0.28783	0.27639	0.23814
0.27367	0.24828	0.21322	0.32298	0.47065	0.42053	0.34835	0.34478
0.34974	0.37366	0.35387	0.41392	0.55143	0.58254	0.52432	0.46581
0.14098	0.14173	0.076104	0.20332	0.30833	0.44451	0.44969	0.41154
0.22673	0.28143	0.21665	0.47503	0.5717	0.58732	0.59609	0.53919
-0.035725	-0.11351	-0.061797	0.016254	0.1712	0.27112	0.29288	0.27357
0.0014479	0.2441	0.29941	0.45419	0.5535	0.61135	0.54917	0.44397
0.21699	0.10407	0.22912	0.27097	0.43623	0.55506	0.54253	0.51153
0.24116	0.31737	0.16603	0.18429	0.45262	0.47966	0.53272	0.49992
-0.046339	0.2866	0.42091	0.46326	0.64356	0.60225	0.52065	0.44314
-0.043367	0.010852	0.24219	0.31657	0.4704	0.47044	0.43403	0.42297
0.31894	0.23134	0.17519	0.2706	0.39679	0.46331	0.46779	0.41047
0.15075	0.23637	0.14614	0.32487	0.19385	0.37854	0.37239	0.34422
-0.055128	0.14601	0.25528	0.35559	0.49566	0.54771	0.48124	0.42027
-0.084362	0.13345	0.19272	0.35125	0.43404	0.54546	0.51957	0.41374
0.17566	0.088865	0.36489	0.38753	0.43017	0.46431	0.52517	0.51711
-0.27024	-0.063618	0.2332	0.49115	0.57372	0.50665	0.5006	0.46708
-0.1715	0.12189	0.31012	0.33049	0.61741	0.68899	0.63812	0.59137
-0.023062	0.013161	0.023284	0.16799	0.30754	0.39135	0.40049	0.37812
0.2638	0.1862	0.15277	0.1479	0.25344	0.48537	0.49493	0.48973
0.24695	0.28457	0.26241	0.41623	0.42856	0.53151	0.48562	0.46226
0.31758	0.3905	0.3974	0.48169	0.56952	0.60698	0.53946	0.51198
0.13299	0.14862	0.27652	0.35122	0.39647	0.58597	0.56575	0.51287
0.19184	0.24358	0.281	0.25282	0.35061	0.48845	0.43378	0.40165
0.35705	0.36401	0.31057	0.1568	0.24294	0.32513	0.35659	0.35881
-0.30783	-0.23368	0.119	0.2981	0.35923	0.44705	0.41339	0.36228
-0.23618	-0.10528	0.18216	0.23187	0.40528	0.48452	0.50676	0.46881
0.13521	0.22281	0.19945	0.34677	0.44831	0.56594	0.50101	0.41208
-0.18649	0.11943	0.17883	0.38442	0.46969	0.54742	0.52039	0.46863
0.2616	0.2996	0.45928	0.51052	0.57714	0.59157	0.53037	0.46621
-0.20735	-0.0072952	0.091193	0.27248	0.5047	0.62077	0.57899	0.54057
0.088116	-0.0051318	0.092671	0.11418	0.34197	0.49151	0.50024	0.45251
0.21902	0.21114	0.25327	0.41531	0.52697	0.54085	0.46996	0.41868
0.10251	0.35046	0.39421	0.45947	0.55445	0.5282	0.51521	0.48186
0.3557	0.2975	0.33068	0.33774	0.3332	0.3218	0.31234	0.31031
0.0011269	0.11167	0.21623	0.25122	0.17392	0.35993	0.3476	0.35368
0.48311	0.44888	0.42591	0.60709	0.6582	0.68615	0.59817	0.51776
-0.11442	-0.045277	0.077255	0.27801	0.2898	0.3456	0.3528	0.33778
0.1573	0.23367	0.22577	0.32116	0.38062	0.2811	0.28144	0.28759
0.10731	0.015507	0.12251	0.11671	0.35252	0.43187	0.4677	0.4274
-0.072707	0.22568	0.22636	0.17159	0.39792	0.39999	0.38075	0.33614
0.29573	0.2845	0.34115	0.2078	0.3037	0.31281	0.38329	0.3843
0.019601	-0.0037552	0.14247	0.19139	0.25023	0.35415	0.33877	0.31844
0.1557	0.19573	0.089515	0.11593	0.20972	0.36	0.3698	0.36151
0.3462	0.34157	0.41676	0.46928	0.51964	0.58586	0.54937	0.46977
-0.13478	-0.092448	0.18373	0.46965	0.58785	0.62449	0.53211	0.47466
-0.099059	-0.047938	0.21052	0.20901	0.40312	0.42545	0.45063	0.40654
0.23988	0.26458	0.3565	0.50009	0.37686	0.44013	0.40063	0.36454
0.31502	0.30898	0.30999	0.5101	0.55124	0.5514	0.53951	0.451
0.032111	0.036494	0.12207	0.28509	0.58354	0.60306	0.52251	0.51238
0.15001	0.25877	0.15163	0.004597	-0.0076767	0.27328	0.29819	0.27114
0.083024	0.25894	0.29325	0.29714	0.42429	0.41809	0.37421	0.31734
0.093647	0.10301	0.16971	0.24703	0.37961	0.38276	0.3577	0.32039
0.21348	0.20565	0.2703	0.43098	0.49286	0.51532	0.51928	0.5286
0.25196	0.29178	0.36011	0.47881	0.49306	0.49912	0.32905	0.26399
-0.022181	0.16571	0.34018	0.44115	0.64619	0.67415	0.55758	0.46631
0.27581	0.12827	0.2326	0.27466	0.37014	0.49328	0.48999	0.44621
-0.23915	0.15629	0.30015	0.41735	0.37792	0.54187	0.4865	0.42818
0.44492	0.45021	0.41061	0.51886	0.5214	0.50017	0.49304	0.40916
0.21988	-0.035623	0.1305	0.38273	0.53018	0.5714	0.56575	0.54615
0.062446	0.2191	0.22905	0.47448	0.40068	0.35624	0.40229	0.37874
0.17941	0.17351	0.23329	0.39999	0.43363	0.4764	0.50074	0.45449
0.10706	0.24717	0.30895	0.53107	0.63487	0.68769	0.58185	0.49934
0.20868	0.20847	0.30235	0.4919	0.53397	0.48084	0.48342	0.44077
0.37385	0.47424	0.54871	0.57054	0.65427	0.64424	0.59566	0.47723
0.33572	0.302	0.42497	0.35907	0.42202	0.43964	0.4182	0.40228
0.26546	0.26131	0.40312	0.47396	0.57139	0.57783	0.50462	0.50388
0.057143	-0.009098	0.18223	0.36717	0.54058	0.56602	0.50612	0.42602
0.13952	0.039898	0.11211	0.17733	0.34926	0.44278	0.44625	0.35516
0.28158	0.26413	0.37527	0.52224	0.6159	0.60087	0.55625	0.52656
0.24872	0.29683	0.4343	0.44393	0.47171	0.52164	0.41021	0.32919
0.14479	0.13732	0.17071	0.19879	0.37312	0.48289	0.45721	0.40975
-0.040219	0.11735	0.26881	0.46658	0.57094	0.61926	0.58107	0.5077
0.25934	0.3328	0.38635	0.43376	0.53403	0.56419	0.55131	0.54905
0.30448	0.26996	0.26942	0.37126	0.47487	0.59387	0.57759	0.54253
0.025645	0.080748	0.13256	0.31327	0.43186	0.55826	0.55908	0.50674
0.0054943	0.017272	0.32452	0.39294	0.50949	0.5177	0.47405	0.4164
0.29529	0.42439	0.359	0.3838	0.46015	0.54077	0.46709	0.43852
-0.084189	-0.080771	0.13918	0.37663	0.5079	0.46087	0.46369	0.40769
0.26162	0.38695	0.48648	0.58485	0.67118	0.59857	0.48891	0.41761
0.27345	0.23516	0.28223	0.38378	0.48689	0.5392	0.4856	0.43318
0.1031	0.11871	0.20471	0.28901	0.19482	0.26466	0.31062	0.29439
-0.049399	-0.095349	0.21927	0.42078	0.43147	0.31262	0.3024	0.27967
0.17199	0.1776	0.22827	0.38527	0.58694	0.70469	0.62088	0.53067
0.28426	0.36173	0.43961	0.49836	0.56392	0.53154	0.52109	0.44836
0.034964	0.015304	0.21922	0.34763	0.42648	0.37357	0.37009	0.35831
0.24104	0.11311	0.088199	0.16374	0.26709	0.27585	0.25598	0.265
-0.24329	0.083661	0.29996	0.33874	0.45438	0.49662	0.42427	0.38307
0.041345	-0.048686	0.0091765	0.11308	0.22028	0.39678	0.39416	0.34051
0.24546	0.3053	0.3342	0.49101	0.47876	0.43227	0.35584	0.31192
0.078951	-0.025089	0.00078446	0.064429	0.23252	0.43523	0.39226	0.3083
-0.012203	0.1675	0.17903	0.3069	0.40228	0.49109	0.48287	0.43035
0.24021	0.31028	0.46785	0.51063	0.68932	0.7219	0.64341	0.5849
0.31938	0.27291	0.27905	0.34983	0.5515	0.54544	0.43746	0.42525
-0.07768	0.31344	0.34546	0.32251	0.47166	0.45042	0.42887	0.37905
-0.019264	0.19863	0.26395	0.39033	0.35298	0.53349	0.52193	0.47903
-0.17007	0.16662	0.29631	0.63945	0.68613	0.65766	0.60992	0.56701
0.1088	-0.059906	0.042601	0.30407	0.39613	0.50843	0.50851	0.47997
0.14631	0.20712	0.51785	0.63803	0.76042	0.67832	0.62783	0.58395
0.079423	0.17752	0.32167	0.38542	0.58435	0.62294	0.59939	0.52923
0.16547	0.022708	0.082533	0.33628	0.34763	0.42074	0.41242	0.37368
0.18145	0.07062	0.013496	0.2114	0.36954	0.44673	0.37922	0.35947
-0.18604	0.12188	0.16366	0.31997	0.48273	0.50915	0.44026	0.3557
0.060208	0.18954	0.15801	0.17532	0.22732	0.3672	0.35079	0.36224
0.10411	0.15263	0.21735	0.39118	0.57458	0.58595	0.56598	0.5242
0.028259	0.10133	0.18889	0.22266	0.50237	0.50404	0.46409	0.38308
-0.030123	0.1866	0.22018	0.11613	0.33776	0.38976	0.33638	0.3588
0.2656	0.39351	0.45117	0.33362	0.53092	0.54412	0.50104	0.43973
0.22242	0.14651	0.17166	0.19228	0.48576	0.46552	0.45451	0.40332
0.13801	0.12127	0.20182	0.28072	0.37696	0.35381	0.3366	0.34179
-0.090535	-0.05419	-0.032469	0.022044	0.049561	0.099487	0.15263	0.18562
0.22093	0.14399	0.12937	0.14515	0.27984	0.49063	0.49989	0.44182
0.19105	0.18147	0.23131	0.29772	0.34663	0.41543	0.39634	0.37112
0.2073	0.081474	-0.042999	0.28123	0.48152	0.50742	0.46596	0.45198
0.051081	-0.024592	-0.017936	-0.064799	0.26936	0.4524	0.50688	0.46539
0.34147	0.31558	0.28631	0.40128	0.51742	0.58162	0.46157	0.4096
0.23828	0.094514	0.17406	0.3843	0.48892	0.52922	0.48198	0.42943
-0.067735	0.024817	0.13955	0.41808	0.49265	0.48934	0.45872	0.40057
0.093047	0.22193	0.49047	0.50718	0.50086	0.58316	0.55909	0.48656
-0.0074401	-0.037351	0.13089	0.31918	0.28697	0.49115	0.46222	0.43352
0.20762	0.23488	0.34012	0.42164	0.34783	0.47978	0.49763	0.4933
-0.02292	0.010542	0.080354	0.2259	0.29423	0.39863	0.36256	0.32016
0.043655	0.11107	0.2003	0.2448	0.38251	0.46069	0.44516	0.47056
0.3801	0.32708	0.40815	0.51623	0.62752	0.64364	0.54586	0.47262
-0.14695	0.0026842	0.21991	0.37566	0.50202	0.42818	0.46437	0.44013
-0.13976	0.015245	0.17607	0.30064	0.3777	0.43734	0.43809	0.37103
-0.081657	0.06205	0.13651	0.32088	0.44831	0.47552	0.41279	0.37418
0.10836	-0.010402	0.22644	0.31063	0.50798	0.57297	0.5201	0.48439
-0.15319	0.20243	0.16106	0.28154	0.33828	0.4441	0.41388	0.35577
0.021895	0.04725	0.24418	0.41679	0.45792	0.44989	0.35359	0.32941
0.08016	0.081234	0.039933	0.30565	0.44939	0.42232	0.40692	0.37864
0.23603	0.17092	0.15767	0.19126	0.44524	0.40264	0.41119	0.39202
-0.20526	0.079578	0.024214	0.10165	0.068029	0.17744	0.27862	0.23004
-0.096834	-0.082448	-0.026354	0.1289	0.29663	0.43489	0.41196	0.35996
-0.11637	-0.1182	-0.025529	0.13069	0.35972	0.43901	0.41873	0.36273
0.16146	0.15533	0.15159	0.47844	0.52576	0.60732	0.55084	0.45996
0.27679	0.3264	0.45479	0.47982	0.70957	0.64611	0.6015	0.5378
0.014792	0.038405	0.14017	0.21678	0.42298	0.49591	0.45294	0.40345
-0.067847	-0.049256	0.084825	0.2695	0.36932	0.50876	0.51208	0.42894
-0.072334	-0.15289	-0.0093122	0.14819	0.27109	0.35759	0.32706	0.31157
-0.057729	-0.053214	0.065031	0.18518	0.31803	0.37565	0.34657	0.30648
0.21341	0.19573	0.19378	0.20848	0.25768	0.47803	0.43312	0.34681
-0.36153	0.0351	0.14951	0.20719	0.28323	0.30801	0.35991	0.33465
0.35087	0.31222	0.27388	0.3281	0.61145	0.65037	0.63201	0.60228
0.0076562	0.11274	0.17789	0.26708	0.39535	0.46296	0.41019	0.40345
0.48665	0.4693	0.38367	0.50697	0.66091	0.71853	0.64308	0.56938
0.28695	0.26061	0.17969	0.28723	0.37698	0.4348	0.42517	0.40351
0.2676	0.25154	0.17653	0.14113	0.41575	0.5928	0.53167	0.47405
0.26016	0.19845	0.34863	0.36606	0.51211	0.57692	0.56599	0.52645
0.27408	0.26449	0.46212	0.54415	0.55101	0.55215	0.56807	0.52311
0.045686	0.03277	-0.043721	0.095185	0.40486	0.43392	0.45519	0.43533
0.10802	0.23516	0.28114	0.34957	0.44294	0.51867	0.49034	0.44497
0.10952	0.079744	0.093104	0.21173	0.36549	0.45223	0.51143	0.47738
-0.066718	0.01202	0.15078	0.44051	0.58174	0.60391	0.57473	0.54276
0.29632	0.26573	0.33959	0.25656	0.35522	0.40872	0.38463	0.37413
-0.12701	-0.16216	-0.055887	0.031229	0.33257	0.47079	0.47676	0.43562
0.07053	0.057299	0.13446	0.29766	0.39968	0.48764	0.48625	0.44805
0.044319	0.040408	0.21349	0.32333	0.48111	0.49022	0.55264	0.50381
0.26052	0.19476	0.30623	0.5995	0.69242	0.68162	0.64425	0.58058
-0.11578	-0.03072	0.16133	0.38366	0.46524	0.54381	0.52174	0.47582
0.18779	0.1982	0.14692	0.2208	0.20568	0.31366	0.29378	0.28389
-0.048651	0.12446	0.37612	0.63766	0.66875	0.66707	0.6181	0.5727
0.27813	0.25329	0.23674	0.30308	0.50022	0.48843	0.47735	0.42203
0.39401	0.35838	0.38465	0.30139	0.4438	0.45579	0.44793	0.3977
-0.039567	0.022408	0.10559	0.147	0.39088	0.49613	0.52959	0.48913
0.26304	0.16948	0.22116	0.31933	0.54739	0.52693	0.52855	0.51075
0.048282	0.074558	0.1048	0.21552	0.46542	0.43432	0.39049	0.37185
0.42836	0.46447	0.45321	0.39463	0.52741	0.56507	0.55135	0.50559
0.23203	0.26875	0.19104	0.2833	0.48272	0.49776	0.44363	0.42878
-0.14665	-0.087659	0.12688	0.20162	0.455	0.5359	0.42682	0.3214
0.29348	0.3883	0.45199	0.58428	0.67114	0.67965	0.57666	0.51049
-0.043448	0.047611	0.075578	0.21104	0.25222	0.30099	0.34586	0.33175
-0.0017464	-0.0089573	0.059448	0.16422	0.28882	0.46989	0.46672	0.4492
-0.018982	0.062189	0.29747	0.34233	0.46191	0.44206	0.45161	0.41363
-0.17258	0.025411	0.13145	0.24952	0.34188	0.5197	0.50499	0.44196
0.37349	0.40315	0.33059	0.33359	0.36586	0.52275	0.53613	0.51815
0.21402	0.31782	0.23138	0.34281	0.38547	0.39378	0.37005	0.33981
0.041294	0.066668	0.10291	0.17227	0.28817	0.28171	0.31747	0.31688
-0.16512	0.055227	0.10412	0.24371	0.44198	0.51581	0.479	0.4409
0.16574	0.20638	0.18116	0.26221	0.31793	0.44341	0.47463	0.4563
0.032487	0.001419	0.11396	0.18352	0.41539	0.49778	0.46491	0.38129
-0.14058	-0.061155	0.16376	0.46182	0.58859	0.7296	0.61529	0.53564
-0.08267	-0.070061	-0.0034364	0.075538	0.23185	0.44899	0.47449	0.45826
-0.21131	-0.071009	0.37604	0.52345	0.64635	0.68616	0.63669	0.59361
-0.060176	0.094788	0.18353	0.21199	0.38782	0.41884	0.41999	0.40978
0.065114	0.085122	0.14465	0.24901	0.37453	0.53404	0.47438	0.41147
0.29959	0.29019	0.3259	0.46155	0.53254	0.4915	0.47798	0.439
-0.26522	-0.24315	-0.13295	-0.053463	0.033109	0.05	0.11402	0.11911
0.046626	-0.038034	0.081241	0.23919	0.37056	0.4537	0.41272	0.38443
-0.033854	0.10355	0.21578	0.42917	0.53189	0.63261	0.61087	0.53796
0.2282	0.36303	0.42559	0.48516	0.52884	0.50835	0.43427	0.34141
0.41184	0.35702	0.21864	0.34855	0.43919	0.43016	0.39489	0.35231
0.12905	0.25186	0.30406	0.49852	0.5205	0.58147	0.46457	0.41509
-0.089365	-0.10681	0.031518	0.12332	0.21951	0.36174	0.34451	0.32592
0.000318	0.011445	0.0029113	0.13655	0.23475	0.31128	0.27851	0.26031
0.16979	0.16094	0.23917	0.19461	0.14738	0.31605	0.24953	0.26421
0.3685	0.33489	0.36515	0.4019	0.53122	0.58666	0.54846	0.5195
0.24559	0.27461	0.25521	0.32903	0.50826	0.64126	0.58167	0.52994
0.31388	0.31122	0.25461	0.3969	0.53923	0.60853	0.59696	0.59579
0.04469	0.071632	0.092125	0.18301	0.33225	0.4341	0.42895	0.42715
0.14888	0.062539	0.30922	0.45795	0.50925	0.62893	0.60341	0.54956
-0.02241	-0.22406	-0.1815	0.0099153	0.11204	0.25429	0.25035	0.23874
-0.077264	0.033503	0.20598	0.24528	0.30023	0.37225	0.39688	0.35948
0.22392	0.13715	0.16464	0.35603	0.4807	0.52187	0.51585	0.45017
0.073237	0.17287	-0.06654	0.13005	0.31473	0.4787	0.43647	0.35745
0.25311	0.31821	0.36344	0.41972	0.44593	0.42942	0.45579	0.41465
-0.023386	-0.02281	-0.013374	-0.054672	0.014417	0.099061	0.23843	0.24303
0.13861	0.23053	0.25958	0.41434	0.45864	0.57387	0.462	0.38466
0.012088	0.048922	0.11365	0.22741	0.34977	0.4708	0.48087	0.46241
-0.017599	0.082205	0.17269	0.257	0.35346	0.57677	0.59665	0.53238
0.0083466	0.016589	0.20751	0.366	0.42286	0.48851	0.40474	0.38324
-0.057088	-0.047859	0.1509	0.29767	0.35928	0.42383	0.4319	0.39984
-0.19821	-0.058005	0.19422	0.2241	0.36636	0.37546	0.35249	0.31641
-0.040381	0.032298	0.0079895	0.11666	0.37064	0.43887	0.43799	0.40391
0.26728	0.27901	0.17762	0.25569	0.4263	0.53892	0.46187	0.36238
0.1611	0.17015	0.075564	-0.011391	0.23604	0.47379	0.46477	0.42481
0.18985	0.21087	0.40355	0.55566	0.55459	0.56575	0.53614	0.47391
0.029529	0.045224	0.19824	0.22863	0.27456	0.45752	0.46434	0.37403
0.27078	0.41922	0.29534	0.32822	0.30456	0.41928	0.41187	0.38136
0.0045658	-0.20239	0.052969	0.24026	0.26105	0.25856	0.26802	0.25209
0.35707	0.28688	0.24153	0.53124	0.4667	0.55166	0.5438	0.47541
0.035322	0.10541	-0.10366	0.090353	0.38807	0.36711	0.35911	0.31407
0.22603	0.070196	0.21686	0.20137	0.39352	0.42565	0.34525	0.28758
-0.1687	0.13439	0.25966	0.19505	0.27135	0.3845	0.45367	0.46089
-0.093865	0.060174	0.026227	0.059349	0.28553	0.38604	0.37984	0.39056
0.1334	0.27714	0.37502	0.53119	0.47881	0.45503	0.43156	0.3855
0.057545	-0.15201	-0.12341	-0.042321	0.21046	0.35287	0.38831	0.36089
0.16471	0.20474	0.23731	0.36873	0.52677	0.50892	0.45034	0.40115
-0.13001	-0.18284	0.0006235	0.083325	0.17345	0.25663	0.35274	0.35245
0.07456	0.15424	0.12593	0.12241	0.4606	0.46317	0.46699	0.4573
-0.042313	0.042287	0.15958	0.24318	0.49193	0.54287	0.52802	0.4829
0.37206	0.43643	0.42815	0.42368	0.46701	0.48409	0.43658	0.41688
0.17848	0.48484	0.43215	0.46048	0.58746	0.6565	0.55985	0.48316
0.36193	0.37339	0.44183	0.41605	0.48863	0.47688	0.39658	0.3729
0.29498	0.23812	0.16045	0.34304	0.38744	0.43024	0.30985	0.30256
-0.13491	0.17599	0.20611	0.50418	0.51626	0.52439	0.49972	0.46143
0.1231	0.22245	0.22459	0.51192	0.62754	0.62883	0.54315	0.45371
0.3016	0.28204	0.20174	0.34793	0.44961	0.53376	0.46547	0.43283
-0.043998	0.065356	-0.016512	0.2474	0.43032	0.41611	0.28978	0.26375
0.010223	0.0081269	0.12825	0.27799	0.38082	0.39238	0.40122	0.35069
0.05743	-0.0028546	-0.025659	-0.011256	0.16846	0.2773	0.32041	0.3364
0.1345	0.10308	0.18179	0.20296	0.36504	0.43389	0.45587	0.40365
-0.033747	-0.042238	0.23871	0.46453	0.62947	0.6622	0.57872	0.48806
0.0095929	0.074779	0.27053	0.38388	0.37898	0.44235	0.40789	0.35254
0.022626	0.027486	-0.0076735	0.23893	0.31098	0.33903	0.30914	0.29605
-0.046601	0.071935	0.061397	0.20434	0.34758	0.48124	0.48057	0.45198
0.0718	0.11561	0.13629	0.2459	0.34185	0.46152	0.42384	0.32473
-0.21847	0.01784	0.08661	0.3471	0.57575	0.48041	0.41132	0.36069
0.17216	0.18603	0.15827	0.30263	0.43932	0.47387	0.46279	0.42164
-0.020603	0.029114	0.18671	0.21153	0.33459	0.42095	0.43486	0.39265
0.33491	0.38991	0.36728	0.35564	0.46552	0.54813	0.49652	0.43333
0.26419	0.36336	0.4587	0.52155	0.63342	0.70146	0.64945	0.57795
-0.083343	0.22307	0.37522	0.55573	0.64162	0.51899	0.4181	0.38458
0.014835	0.083954	0.11968	0.15556	0.28973	0.46168	0.47496	0.42266
0.057489	0.27914	0.35599	0.51615	0.61052	0.54851	0.48157	0.4155
0.23771	0.27994	0.29756	0.41995	0.56742	0.62584	0.64167	0.59313
0.22842	0.33634	0.28686	0.47633	0.54856	0.60388	0.61786	0.57001
0.063278	-0.04428	0.14975	0.24256	0.32839	0.38259	0.36685	0.33092
0.26862	0.2516	0.35504	0.24927	0.41903	0.49107	0.46228	0.38996
0.054616	0.22606	0.55061	0.64121	0.55974	0.57313	0.55287	0.49543
0.043716	0.069852	0.16688	0.29401	0.50038	0.52911	0.51507	0.48599
0.14777	0.34358	0.31793	0.2923	0.30398	0.41636	0.45598	0.40296
0.2954	0.35421	0.35887	0.41232	0.54613	0.5657	0.49004	0.47556
0.12169	0.088184	0.148	0.26085	0.44285	0.55197	0.54016	0.49672
0.17085	0.10754	-0.02333	0.073523	0.25641	0.42769	0.37534	0.36029
0.098352	0.15243	0.15377	0.27019	0.44691	0.46276	0.43241	0.39594
0.10284	0.14256	0.21404	0.27868	0.31384	0.36212	0.38976	0.38434
0.30772	0.18525	0.2446	0.46363	0.4948	0.62249	0.56031	0.48737
0.099456	0.18254	0.2444	0.30913	0.36202	0.44977	0.4289	0.41291
0.092231	-0.0258	-0.083183	-0.03392	0.25237	0.41434	0.41957	0.41098
0.15363	0.2099	0.11995	0.19515	0.36585	0.46755	0.44988	0.41952
0.18393	0.10221	0.131	0.20609	0.37215	0.39977	0.39122	0.35778
-0.015699	-0.047681	0.046392	0.3002	0.38986	0.52123	0.53581	0.51662
0.34159	0.31097	0.37992	0.39618	0.45847	0.48172	0.46394	0.44822
0.16649	0.15793	0.17973	0.19363	0.44618	0.45941	0.45392	0.44338
0.08458	0.15966	0.16707	0.33036	0.22946	0.40009	0.36495	0.32352
0.087809	0.22423	0.2271	0.29956	0.51763	0.55663	0.54683	0.49718
-0.099124	-0.092674	0.1638	0.32731	0.42104	0.48093	0.42924	0.38029
-0.14584	-0.20818	-0.011909	0.39941	0.40605	0.49751	0.50885	0.48752
0.12223	0.22523	0.49249	0.47486	0.49526	0.55639	0.44576	0.32748
-0.04639	0.0043538	0.13109	0.16783	0.27844	0.30462	0.29139	0.29117
0.15792	0.34982	0.36751	0.42031	0.44526	0.57055	0.53657	0.55934
0.1093	0.30959	0.42047	0.44374	0.55611	0.70896	0.61458	0.54435
0.27136	0.33487	0.25396	0.23694	0.26666	0.40194	0.39311	0.3438
0.024256	-5.1475e-05	0.092118	0.22431	0.45681	0.56564	0.53162	0.49479
0.26783	0.22326	0.29794	0.34979	0.55869	0.6684	0.62134	0.55649
0.40854	0.30651	0.32222	0.45517	0.59702	0.62105	0.58962	0.49595
0.30422	0.35271	0.35549	0.47537	0.51982	0.55325	0.48204	0.42437
0.12323	0.29579	0.41202	0.5198	0.60838	0.59566	0.54034	0.51476
0.087704	0.16755	0.35864	0.39254	0.42236	0.43332	0.40359	0.37663
0.35189	0.41471	0.45484	0.54167	0.67445	0.65188	0.59069	0.52217
0.055871	0.081686	0.14167	0.26864	0.47323	0.4709	0.47386	0.44389
0.012891	0.12492	0.21304	0.2748	0.42414	0.45031	0.47936	0.45751
-0.20419	0.14375	0.2225	0.32086	0.45726	0.53444	0.51925	0.44771
7.7434e-05	0.030325	0.079324	0.148	0.28742	0.33131	0.32792	0.28119
0.34864	0.4941	0.57868	0.69478	0.71536	0.67694	0.60014	0.5381
0.24296	0.14077	0.182	0.40783	0.55708	0.56054	0.52968	0.51362
0.025996	0.06728	0.11972	0.27307	0.40916	0.47246	0.39186	0.30914
0.025203	0.0021144	0.15134	0.18253	0.3511	0.40959	0.41127	0.37768
0.27201	0.39044	0.33376	0.25671	0.33803	0.44593	0.3824	0.31232
0.029781	0.11714	0.20607	0.29983	0.40671	0.39116	0.35659	0.33765
-0.0072813	0.15622	0.30339	0.34451	0.54108	0.5339	0.55194	0.48239
0.23632	0.33013	0.40674	0.47617	0.46491	0.45152	0.41603	0.37105
-0.18129	-0.22219	-0.079564	0.11135	0.21434	0.27751	0.36775	0.31412
0.23159	0.21116	0.15204	0.18402	0.31674	0.42463	0.42287	0.39592
-0.033365	0.18194	0.10035	0.39436	0.54115	0.55404	0.51673	0.49815
-0.064624	0.0337	0.24827	0.36516	0.53576	0.5803	0.56819	0.44336
-0.12524	-0.0718	-0.16467	0.24093	0.29157	0.46877	0.48575	0.50259
