0.025121	0.10651	0.22995	0.36042	0.48425	0.5049	0.53906	0.47629
0.13909	0.19074	0.29441	0.37911	0.46117	0.53847	0.54247	0.47567
-0.092743	0.1295	0.26976	0.44943	0.48985	0.58028	0.50709	0.46708
0.34157	0.29482	0.35138	0.36798	0.51785	0.55265	0.52382	0.468
0.071597	0.14245	0.15736	0.31024	0.49984	0.54744	0.50965	0.47434
0.012536	0.029461	0.1219	0.19563	0.34275	0.5131	0.48958	0.44811
-0.16757	-0.037084	0.043811	0.13188	0.28889	0.41643	0.39889	0.35321
0.22227	0.19017	0.21583	0.22113	0.29325	0.40407	0.40172	0.39657
0.047523	0.0088213	-0.051855	0.13405	0.31004	0.49942	0.50021	0.4672
0.03571	0.13263	0.3259	0.42743	0.53939	0.57997	0.56776	0.51181
0.34254	0.31243	0.41725	0.45029	0.48866	0.52821	0.45374	0.4222
0.15386	0.21349	0.22085	0.24036	0.35872	0.40896	0.41578	0.36047
0.09194	0.1071	0.11904	0.12547	0.35988	0.46547	0.4647	0.41341
0.25095	0.29176	0.40359	0.48234	0.6607	0.63506	0.59679	0.53681
0.13833	0.2864	0.35355	0.41657	0.50661	0.5547	0.55627	0.51787
0.23966	0.29946	0.34534	0.4502	0.57469	0.52974	0.44107	0.38712
-0.08429	0.0044086	0.12181	0.24399	0.40786	0.49657	0.44803	0.39996
0.072201	0.16706	0.27047	0.32198	0.40454	0.45556	0.45836	0.42785
0.18476	0.24775	0.32608	0.29755	0.32806	0.36501	0.36904	0.3351
0.11235	0.10168	0.090817	0.34548	0.47586	0.48357	0.44251	0.39629
0.03868	0.11014	0.16024	0.20221	0.28158	0.3621	0.37017	0.34999
0.16739	0.15286	0.19185	0.25173	0.35892	0.44694	0.43392	0.41106
-0.039472	0.10681	0.13761	0.36336	0.49149	0.5711	0.547	0.4939
0.047611	0.096541	0.23227	0.274	0.36074	0.44414	0.42386	0.38688
0.00405	0.055075	0.10208	0.22343	0.30512	0.39697	0.38674	0.34578
0.1553	0.21926	0.31762	0.46639	0.60417	0.56359	0.47742	0.43312
0.29475	0.20475	0.1928	0.23048	0.38711	0.42649	0.41814	0.38968
-0.098623	-0.1859	0.047773	0.1413	0.253	0.29967	0.33325	0.32768
0.04094	0.14473	0.21255	0.49422	0.51376	0.56713	0.55383	0.48536
0.17461	0.20643	0.24439	0.37223	0.41333	0.46261	0.47814	0.42361
0.14174	0.26032	0.29465	0.34047	0.4411	0.49785	0.50815	0.48275
0.29852	0.35894	0.43055	0.39327	0.5111	0.5232	0.49131	0.42765
0.19454	0.18569	0.24541	0.32951	0.55636	0.58922	0.52041	0.47669
0.31508	0.31682	0.26745	0.43644	0.46462	0.50699	0.50134	0.45561
0.0057098	0.176	0.27448	0.37936	0.48948	0.45212	0.41496	0.36824
0.16176	0.32747	0.29339	0.2724	0.39415	0.50202	0.45566	0.39794
0.16836	0.19708	0.25368	0.39922	0.52103	0.54294	0.43671	0.37732
0.1222	0.23952	0.31056	0.34628	0.34253	0.40157	0.3888	0.37133
0.16278	0.18136	0.27804	0.27823	0.28342	0.36703	0.35656	0.34907
0.018896	0.24476	0.25974	0.42137	0.5396	0.47278	0.43066	0.38322
0.00147	-0.0013783	0.14881	0.13662	0.17013	0.26493	0.30857	0.29545
-0.058817	0.075362	0.20331	0.34237	0.37435	0.48614	0.46454	0.44291
-0.014485	0.0988	0.00143	0.17639	0.33945	0.38066	0.39035	0.39214
0.18554	0.21467	0.33168	0.42784	0.40935	0.49843	0.46649	0.4156
0.24013	0.20442	0.26924	0.38992	0.42658	0.44125	0.41136	0.39693
-0.050736	-0.033899	0.036888	0.21617	0.3833	0.43652	0.42622	0.39277
0.17761	0.28397	0.37445	0.37468	0.51276	0.45896	0.394	0.33538
0.20324	0.26511	0.24208	0.36348	0.5006	0.55884	0.549	0.50599
0.40634	0.3438	0.47678	0.46787	0.57807	0.56362	0.49081	0.43102
0.3523	0.34738	0.3353	0.39145	0.36046	0.36467	0.27501	0.25872
0.21998	0.21202	0.2292	0.3451	0.34357	0.39785	0.38607	0.35179
0.28043	0.30843	0.40309	0.48317	0.50273	0.51342	0.49124	0.44864
0.15465	0.05796	0.23634	0.37647	0.57119	0.57783	0.54477	0.49605
0.10076	0.14247	0.285	0.44032	0.50918	0.50484	0.46167	0.40349
0.21312	0.25613	0.23505	0.38091	0.46691	0.4984	0.49073	0.43011
0.27032	0.27882	0.31786	0.40911	0.45903	0.49459	0.44138	0.40535
-0.094385	0.019661	0.030958	0.24253	0.37073	0.44376	0.44217	0.40882
-0.11598	0.016352	0.12816	0.15919	0.24001	0.32043	0.34267	0.30374
-0.011748	-0.0045515	0.10015	0.25819	0.33139	0.41539	0.38945	0.33784
0.11157	0.13401	0.093437	0.088878	0.19454	0.27029	0.31411	0.31821
0.079193	0.19216	0.21551	0.33633	0.44861	0.55647	0.47793	0.41174
0.13317	0.12575	0.21614	0.38709	0.49089	0.50235	0.48968	0.43348
-0.031544	0.019981	0.010793	0.27445	0.37289	0.51475	0.48925	0.47768
-0.0040009	0.052663	0.21388	0.33108	0.42247	0.48442	0.49452	0.45534
0.28973	0.32487	0.37298	0.46007	0.42951	0.46886	0.45163	0.43929
0.33729	0.3508	0.27198	0.45136	0.51577	0.52963	0.50979	0.4779
0.03777	0.10765	0.22465	0.23354	0.39171	0.41827	0.4231	0.40468
0.24441	0.20417	0.28734	0.23711	0.35558	0.42739	0.40391	0.341
-0.2111	-0.17524	0.059527	0.3001	0.46903	0.49875	0.52292	0.47538
0.12616	0.11837	0.19325	0.40065	0.4645	0.4948	0.44485	0.35879
0.02556	0.065841	0.13189	0.19189	0.29188	0.35194	0.34292	0.30557
0.35688	0.40897	0.42459	0.44087	0.58444	0.60988	0.59273	0.55057
0.18243	0.17847	0.2661	0.38778	0.44266	0.4677	0.45346	0.3953
0.12021	0.13686	0.17811	0.36881	0.47038	0.51971	0.51852	0.47515
0.24803	0.11229	0.19512	0.37135	0.46438	0.54968	0.50053	0.46447
0.034467	0.14808	0.33037	0.40914	0.49774	0.54171	0.52049	0.44255
0.14429	0.10905	0.30061	0.34097	0.35787	0.42158	0.39781	0.34444
0.05221	0.14336	0.26662	0.29972	0.31998	0.33995	0.362	0.34387
0.16739	0.16438	0.19706	0.30635	0.41214	0.50178	0.47931	0.41648
0.13154	0.17551	0.3033	0.4021	0.4735	0.54806	0.53062	0.50308
0.25226	0.18171	0.17629	0.29176	0.37301	0.42584	0.40171	0.34507
-0.046211	-0.02628	0.1231	0.21015	0.40761	0.48473	0.45788	0.41505
0.009196	-0.032691	0.20788	0.40189	0.50035	0.50569	0.50022	0.43131
0.48015	0.52765	0.50338	0.6026	0.71564	0.67135	0.60391	0.52811
0.14655	0.093476	0.11301	0.070345	0.121	0.18736	0.17571	0.1599
0.0093324	0.12815	0.31205	0.41685	0.50745	0.56638	0.55383	0.49221
0.03895	0.049299	0.043772	0.22031	0.43058	0.51429	0.49276	0.45085
0.090076	0.38618	0.43111	0.33235	0.48651	0.49951	0.44454	0.36634
0.24304	0.23497	0.33783	0.33368	0.40306	0.44309	0.36903	0.30936
-0.086941	-0.035288	0.020516	0.2238	0.30022	0.42138	0.41585	0.3861
0.064444	0.13859	0.14046	0.23643	0.32241	0.39191	0.37041	0.34661
0.24773	0.28342	0.33481	0.37989	0.41233	0.42781	0.43664	0.39647
0.11449	0.1509	0.20341	0.26	0.35658	0.44318	0.40262	0.38389
0.089003	0.068842	0.14275	0.19044	0.29537	0.35711	0.35193	0.31303
0.25111	0.24948	0.29017	0.34336	0.40509	0.49633	0.4537	0.41268
0.15961	0.091576	0.20653	0.3592	0.53219	0.53468	0.5058	0.47031
0.34454	0.28619	0.31506	0.35459	0.46527	0.55323	0.51695	0.4385
0.18846	0.24475	0.37004	0.46757	0.52748	0.54246	0.50576	0.46148
0.043073	0.14505	0.34416	0.42195	0.5174	0.57576	0.55648	0.49542
0.064366	0.055395	0.27216	0.32537	0.49888	0.53721	0.50758	0.44905
0.19561	0.18387	0.27541	0.38868	0.52376	0.5441	0.5156	0.47079
0.17956	0.062855	0.17871	0.30958	0.43099	0.45975	0.44407	0.41362
0.21428	0.15257	0.17597	0.23992	0.27581	0.37922	0.34686	0.32082
0.047871	-0.023456	0.12914	0.24069	0.44828	0.55827	0.55875	0.5377
0.13779	0.22097	0.28117	0.36924	0.517	0.51029	0.44512	0.38875
0.18193	0.18167	0.19238	0.25939	0.37397	0.44183	0.45029	0.43007
0.081504	0.16413	0.31793	0.39216	0.46522	0.51445	0.50998	0.47169
0.2644	0.32264	0.38445	0.46287	0.56271	0.62348	0.56823	0.49437
0.11793	0.16595	0.19134	0.31546	0.46756	0.54017	0.54483	0.48821
0.16092	0.11699	0.074327	0.17766	0.21362	0.23448	0.32464	0.31738
0.16427	0.20341	0.25025	0.44585	0.52038	0.56431	0.51371	0.41695
0.14688	0.2388	0.28722	0.27192	0.4129	0.52797	0.49698	0.45656
0.2797	0.19407	0.22323	0.31266	0.52239	0.58721	0.57585	0.5347
0.28341	0.31623	0.30063	0.38494	0.49625	0.51023	0.49681	0.45049
0.11042	0.19957	0.23365	0.29538	0.41209	0.47412	0.43359	0.41447
0.23282	0.19192	0.27819	0.2453	0.35428	0.42808	0.39539	0.32079
0.28427	0.24671	0.31842	0.3276	0.41798	0.43334	0.44101	0.40722
0.20564	0.27072	0.30313	0.44221	0.44963	0.40976	0.37937	0.34613
0.073341	0.041957	0.22099	0.38038	0.4915	0.53945	0.54193	0.49098
-0.1962	-0.082416	0.25155	0.43687	0.51714	0.5469	0.4825	0.43584
0.21519	0.25066	0.2332	0.34547	0.45305	0.46399	0.38597	0.33464
0.24746	0.28267	0.3074	0.39927	0.50535	0.515	0.47713	0.42672
0.24404	0.2522	0.25161	0.32779	0.47102	0.56108	0.5256	0.48429
-0.081547	0.040534	0.22324	0.25195	0.42709	0.48878	0.46838	0.41386
0.0016966	0.076873	0.32977	0.42183	0.47774	0.51287	0.50677	0.46995
0.080188	0.086736	0.13765	0.21842	0.38331	0.41901	0.35758	0.31345
0.41127	0.35803	0.31204	0.29654	0.37849	0.52089	0.52039	0.4276
0.031251	0.16459	0.39312	0.47701	0.55057	0.59362	0.58227	0.51464
0.28187	0.25873	0.28398	0.37191	0.42809	0.48021	0.43982	0.39622
0.35118	0.34709	0.35454	0.41481	0.42839	0.46055	0.43549	0.3863
0.26647	0.18192	0.28074	0.44473	0.56762	0.56606	0.57112	0.50382
0.021509	0.040128	0.131	0.30132	0.44453	0.5354	0.49658	0.44648
-0.038419	0.094346	0.061444	0.13872	0.49151	0.52578	0.48334	0.44942
0.075171	0.02651	0.18234	0.31673	0.41279	0.45124	0.42066	0.37901
0.24255	0.28896	0.38049	0.41705	0.48302	0.59951	0.55887	0.4937
0.38102	0.35148	0.37254	0.48663	0.55651	0.55132	0.53462	0.50317
-0.026177	0.087607	0.08031	0.19786	0.3527	0.36785	0.34477	0.31152
-0.010752	-0.061613	0.11526	0.25417	0.43562	0.53275	0.51537	0.48811
0.12491	0.15405	0.20419	0.27904	0.3941	0.45531	0.43381	0.38545
0.26039	0.28374	0.30557	0.42421	0.4973	0.56834	0.54447	0.49559
0.067204	0.17296	0.21949	0.21379	0.34602	0.41133	0.39333	0.36019
0.28589	0.29255	0.42109	0.50054	0.57088	0.63023	0.58047	0.53294
0.068621	0.096022	0.17707	0.28793	0.50043	0.58569	0.56918	0.5187
0.27903	0.31083	0.26312	0.3542	0.44049	0.47515	0.43746	0.36447
0.30443	0.29007	0.42411	0.53729	0.52235	0.52065	0.49289	0.44274
0.17716	0.15126	0.25107	0.26833	0.3565	0.43896	0.39528	0.34173
0.0042779	0.083918	0.15419	0.32421	0.39941	0.48022	0.49703	0.45485
0.1925	0.18737	0.32714	0.42905	0.57055	0.54549	0.45238	0.36832
0.35153	0.37235	0.41272	0.44383	0.52437	0.55966	0.52841	0.45968
0.20304	0.20745	0.22026	0.27258	0.36291	0.37027	0.36464	0.32494
-0.18036	-0.07611	0.030112	0.14402	0.30538	0.33708	0.33333	0.28066
-0.10186	-0.1335	0.17168	0.17864	0.38874	0.49467	0.512	0.48355
0.18113	0.090863	0.23608	0.34657	0.55967	0.56681	0.54411	0.49673
0.027409	0.063344	0.13031	0.24964	0.33941	0.37524	0.38869	0.34383
0.22425	0.25298	0.16643	0.19159	0.2549	0.33657	0.34022	0.32355
0.18163	0.35887	0.37009	0.43834	0.49022	0.54589	0.52347	0.48947
0.3359	0.2752	0.33668	0.4046	0.49226	0.43845	0.416	0.37545
-0.054672	-0.022248	0.060364	0.18677	0.29486	0.37618	0.36158	0.31906
-0.0073334	0.1218	0.33104	0.44835	0.59469	0.56495	0.50285	0.44334
0.11557	0.17473	0.12751	0.21032	0.36795	0.47008	0.46771	0.42502
-0.15215	-0.13748	-0.016044	0.035401	0.2953	0.39672	0.4023	0.38829
-0.17445	-0.11766	-0.065761	0.16043	0.3291	0.43588	0.43156	0.40822
0.15995	0.25741	0.28275	0.30809	0.41493	0.52088	0.49108	0.42494
0.14194	0.062861	0.22973	0.35233	0.57477	0.58021	0.56209	0.51332
0.13405	0.1329	0.21382	0.30814	0.43084	0.51153	0.49969	0.45357
0.010249	-0.027864	-0.059384	0.14565	0.36074	0.36215	0.32016	0.33095
0.13106	0.15854	0.22646	0.23407	0.31587	0.41487	0.44282	0.40102
0.081217	0.24387	0.36057	0.33317	0.45334	0.43312	0.4065	0.35604
0.0047061	0.089663	0.20143	0.27425	0.34478	0.41631	0.41073	0.37995
0.10727	0.29882	0.34453	0.38622	0.47194	0.53527	0.51492	0.44592
0.10104	0.22254	0.35481	0.42634	0.53791	0.57786	0.54728	0.51927
-0.025459	0.043829	0.10284	0.17754	0.30301	0.36978	0.40708	0.37749
0.15895	0.11248	0.14853	0.19756	0.34579	0.44576	0.40962	0.38016
0.099625	0.28681	0.37216	0.42004	0.48198	0.50138	0.47232	0.43868
0.070956	0.0618	0.060781	0.20217	0.27978	0.39993	0.44342	0.4096
0.073032	0.17749	0.29604	0.40698	0.43565	0.52428	0.49701	0.42566
0.21415	0.28792	0.32989	0.43561	0.49934	0.52681	0.50361	0.46954
0.12805	0.11168	0.18393	0.28669	0.40192	0.42079	0.41023	0.3539
0.054808	0.083634	0.077093	0.24608	0.36545	0.42978	0.42797	0.37701
-0.0083765	0.029024	0.0082075	0.24638	0.46645	0.53335	0.52884	0.50666
0.053033	0.059039	0.23985	0.62067	0.6174	0.63176	0.57384	0.53266
0.2291	0.34512	0.44891	0.50039	0.563	0.59057	0.57403	0.52394
0.31473	0.27277	0.2329	0.36106	0.49013	0.5282	0.51696	0.48245
0.17224	0.19811	0.2096	0.28525	0.36623	0.41652	0.42111	0.39301
-0.02255	-0.064163	0.032538	0.18951	0.2714	0.2827	0.32537	0.3136
0.18995	0.16387	0.22408	0.23193	0.30574	0.41758	0.47239	0.47589
0.1284	0.032668	0.25531	0.33355	0.56024	0.53186	0.49945	0.4793
0.32851	0.33314	0.35871	0.37487	0.45702	0.47829	0.45913	0.41617
-0.13227	-0.098625	0.075053	0.15181	0.2242	0.28944	0.31998	0.3299
0.17847	0.20552	0.32898	0.39126	0.48246	0.51865	0.4918	0.44982
0.17377	0.095419	0.049656	0.27179	0.33171	0.40391	0.37713	0.33864
0.086352	0.1181	0.1673	0.2349	0.42398	0.47795	0.42932	0.37385
0.18527	0.061443	0.23582	0.34693	0.56408	0.56871	0.5459	0.49753
-0.27552	-0.153	0.042615	0.11615	0.25982	0.39097	0.38601	0.35534
0.32449	0.34106	0.34867	0.30116	0.41443	0.47782	0.46067	0.38687
0.18674	0.082855	0.21669	0.32608	0.55223	0.55866	0.52579	0.46873
0.24126	0.23025	0.18266	0.25202	0.43736	0.43863	0.40712	0.3673
0.032581	0.040543	0.17244	0.26206	0.41278	0.50565	0.49632	0.43727
0.1912	0.17164	0.29133	0.39669	0.54013	0.53104	0.51259	0.4511
0.11967	0.17293	0.2403	0.41804	0.40021	0.44021	0.40841	0.39633
0.36527	0.36081	0.37918	0.42909	0.49964	0.57581	0.5192	0.45543
0.045369	0.21083	0.3087	0.38032	0.55129	0.51813	0.45317	0.41199
0.069928	0.041223	0.12221	0.30299	0.46034	0.50144	0.46326	0.41904
0.16915	0.29376	0.33113	0.42918	0.50156	0.54461	0.5095	0.45165
0.08105	0.15808	0.20134	0.21393	0.29393	0.37953	0.38489	0.35418
-0.031602	0.094133	0.12513	0.35869	0.52351	0.53296	0.45541	0.42034
-0.22439	-0.085369	0.050946	0.27864	0.38186	0.48407	0.4806	0.43754
0.29082	0.30992	0.24969	0.31828	0.47265	0.52656	0.48566	0.45021
0.12533	0.045577	0.131	0.35937	0.46066	0.45193	0.43253	0.396
0.11967	0.099733	0.18762	0.3497	0.51194	0.53586	0.52642	0.4672
-0.006618	0.073839	0.050039	0.18859	0.25443	0.36864	0.39524	0.36752
-0.043296	0.05332	0.26913	0.37413	0.44407	0.47925	0.44563	0.41256
0.17347	0.17597	0.24644	0.28728	0.37858	0.4635	0.40457	0.33282
0.17558	0.066489	0.18911	0.29565	0.54033	0.54217	0.52089	0.4841
0.056855	0.0015042	0.021007	0.14306	0.26261	0.38832	0.34219	0.29715
0.071763	0.16822	0.25069	0.45529	0.57462	0.59128	0.52077	0.49517
0.14694	0.17657	0.24779	0.37696	0.43135	0.49127	0.44953	0.40565
0.063489	0.15655	0.18548	0.25082	0.42015	0.51555	0.46159	0.40825
0.26156	0.2643	0.47357	0.53155	0.6496	0.68685	0.65306	0.59726
0.035544	0.16028	0.23547	0.33942	0.44882	0.52673	0.49829	0.44133
-0.0069631	0.085929	0.14346	0.27642	0.37945	0.42984	0.42323	0.3531
0.049632	0.11547	0.30187	0.40557	0.52127	0.5671	0.55395	0.50113
-0.17785	-0.11705	0.092502	0.18272	0.2755	0.35678	0.35682	0.33874
0.19908	0.20447	0.21015	0.29653	0.39319	0.45165	0.42623	0.38229
0.11151	0.19942	0.27186	0.28304	0.3771	0.47844	0.44296	0.40096
0.014634	0.23359	0.3263	0.32127	0.49391	0.59329	0.53607	0.47324
-0.12693	-0.069134	0.058764	0.16283	0.29385	0.35062	0.39248	0.35966
0.004544	-0.011876	-0.064911	0.017809	0.1116	0.18939	0.24591	0.23964
0.076941	0.1176	0.28988	0.287	0.40793	0.49095	0.45369	0.41462
0.19474	0.26723	0.33648	0.34796	0.4804	0.53229	0.4841	0.43469
-0.35531	-0.098939	0.13148	0.13291	0.29582	0.40127	0.41094	0.38061
0.051739	0.12031	0.22038	0.26403	0.3899	0.48102	0.47402	0.43558
-0.22552	0.034178	0.21618	0.3725	0.39103	0.47963	0.448	0.42042
0.1937	0.20832	0.16975	0.16246	0.26995	0.39763	0.38453	0.36007
-0.006933	-0.069561	0.12919	0.17097	0.2237	0.27789	0.31996	0.36131
0.17194	0.23103	0.30695	0.35635	0.53573	0.54806	0.49038	0.4097
0.05966	0.16468	0.30547	0.3687	0.46357	0.50095	0.49034	0.42787
0.17131	0.12347	0.3343	0.36151	0.5046	0.49796	0.4514	0.42476
0.035419	-0.058895	0.033477	0.14822	0.2858	0.37561	0.35873	0.32736
-0.01541	0.018715	0.2142	0.28494	0.25661	0.30438	0.30175	0.26301
0.074941	0.12413	0.27892	0.37281	0.43207	0.51144	0.50137	0.45256
0.00056115	0.10839	0.084753	0.23398	0.17925	0.249	0.18487	0.17791
-0.078217	-0.0088883	0.11363	0.32117	0.44821	0.42977	0.42695	0.40154
0.13828	0.25741	0.28894	0.34232	0.43856	0.49772	0.50783	0.48188
0.15084	0.18927	0.22171	0.22506	0.33602	0.44269	0.44887	0.41381
0.058965	-0.0030387	0.050712	0.23816	0.34858	0.38945	0.39693	0.34998
-0.17917	-0.04398	0.14141	0.27419	0.41795	0.46394	0.46189	0.42122
0.22877	0.3713	0.36821	0.41669	0.39727	0.47887	0.43729	0.38937
0.21612	0.25038	0.28281	0.29275	0.28047	0.34002	0.34352	0.29396
-0.06328	0.009275	0.16377	0.34427	0.51207	0.6116	0.58383	0.50149
0.28186	0.32833	0.35711	0.37538	0.45548	0.49364	0.44451	0.39036
0.085312	0.088213	0.13568	0.16304	0.37962	0.41869	0.39649	0.3407
0.15181	0.21019	0.30408	0.39761	0.41648	0.52804	0.48286	0.4146
0.20961	0.1399	0.19374	0.29487	0.46172	0.55332	0.51294	0.46614
0.10372	0.09255	0.10435	0.16135	0.28491	0.34499	0.38135	0.34663
0.29105	0.23869	0.26196	0.41236	0.45124	0.48917	0.45254	0.43211
0.056108	0.022857	0.01627	0.11047	0.14839	0.27125	0.28686	0.26491
0.029401	0.13614	0.33705	0.4507	0.57689	0.61996	0.58385	0.53027
0.45626	0.43745	0.3896	0.47023	0.49172	0.50805	0.46394	0.39701
0.22447	0.13643	0.14321	0.042892	0.0773	0.12819	0.163	0.16983
0.22596	0.21027	0.20501	0.32271	0.42195	0.51181	0.44714	0.4444
0.077644	0.011445	0.075828	0.15309	0.212	0.33506	0.3615	0.34472
-0.046336	-0.023785	0.16953	0.24838	0.38087	0.37758	0.38587	0.35389
0.083544	0.12952	0.16837	0.27852	0.51001	0.53307	0.49582	0.42707
0.17012	0.26374	0.21537	0.2941	0.40698	0.48919	0.46251	0.38964
-0.02857	0.10932	0.2734	0.30737	0.38942	0.43245	0.4457	0.43781
-0.31788	-0.14635	0.13689	0.29233	0.50373	0.54721	0.49356	0.41835
0.037613	0.11923	0.24973	0.35663	0.45161	0.51682	0.49745	0.45196
-0.052625	-0.076256	0.29699	0.50653	0.59451	0.65172	0.65174	0.60413
0.14724	0.17345	0.25779	0.3453	0.39752	0.45111	0.5011	0.48734
0.0027776	0.027901	0.15799	0.21149	0.34012	0.37686	0.4014	0.36664
-0.043164	-0.018453	0.11112	0.3984	0.50473	0.59787	0.55355	0.51538
0.11578	0.10383	0.064223	0.094808	0.27736	0.38786	0.43291	0.40652
0.30655	0.32064	0.38536	0.5007	0.59223	0.68086	0.61722	0.52738
0.070753	0.1747	0.24299	0.41353	0.46067	0.51645	0.46271	0.39062
0.25601	0.29993	0.26638	0.32851	0.48325	0.50683	0.46755	0.42341
0.34191	0.3575	0.33656	0.40865	0.55507	0.58992	0.53194	0.47383
-0.052181	-0.064688	-0.039357	0.16291	0.35624	0.41922	0.43204	0.40717
0.14072	0.19103	0.1912	0.21408	0.25603	0.38834	0.35914	0.33497
0.16844	0.29864	0.41467	0.58725	0.57418	0.55195	0.45244	0.39125
0.38879	0.27526	0.20997	0.28702	0.52285	0.5808	0.52593	0.47465
0.092731	-0.015701	0.080901	0.17757	0.3868	0.418	0.41181	0.39261
0.17928	0.14117	0.34147	0.3294	0.44256	0.45473	0.42584	0.38851
-0.13857	-0.077289	-0.040121	-0.025301	0.094323	0.19537	0.25436	0.24648
-0.052175	-0.0729	0.0084957	0.035497	0.19059	0.22871	0.20151	0.16846
0.10843	0.11622	0.23145	0.40898	0.51301	0.5176	0.46838	0.40463
0.3655	0.36587	0.33717	0.36444	0.54741	0.59654	0.5629	0.51173
0.14749	0.11214	0.24281	0.23128	0.36737	0.37685	0.39191	0.35718
0.16515	0.16664	0.17872	0.24394	0.42182	0.48721	0.49756	0.45845
0.23018	0.23196	0.26867	0.372	0.51224	0.54656	0.54139	0.48028
0.16191	0.16308	0.24373	0.33166	0.37396	0.43207	0.43289	0.39371
-0.0092334	-0.038499	-0.011641	0.064048	0.3	0.34287	0.33964	0.31549
0.026026	0.2055	0.27333	0.35894	0.44272	0.56085	0.54362	0.48492
-0.018234	0.047123	0.19887	0.23961	0.43888	0.46621	0.44684	0.4101
0.11056	0.20552	0.21094	0.2369	0.39363	0.49667	0.47983	0.43594
0.27598	0.25756	0.30226	0.43136	0.47664	0.5476	0.49776	0.42692
-0.075901	0.090585	0.19153	0.26413	0.32488	0.44322	0.44875	0.41442
0.12021	0.20036	0.26346	0.40112	0.44479	0.44283	0.43469	0.41814
0.2854	0.34014	0.38355	0.41992	0.54999	0.56266	0.53985	0.49167
0.3791	0.46744	0.42822	0.49871	0.52433	0.54064	0.49903	0.45216
0.21372	0.26228	0.42879	0.47609	0.49301	0.56844	0.53963	0.48324
-0.017129	0.11608	0.33433	0.44626	0.55009	0.61571	0.59794	0.52846
0.32067	0.31734	0.31518	0.40482	0.40638	0.49014	0.47376	0.44951
0.11103	-0.061336	0.024942	0.050572	0.17486	0.2533	0.30253	0.27777
0.18946	0.29087	0.33665	0.44247	0.56852	0.55889	0.55193	0.49476
0.07648	0.25318	0.22329	0.3396	0.35932	0.35707	0.31684	0.27102
0.30093	0.37472	0.26592	0.50463	0.57003	0.50707	0.46248	0.41386
-0.014678	0.099679	0.30296	0.42337	0.54445	0.60434	0.57463	0.51246
0.16517	0.10101	0.26268	0.3451	0.38407	0.40402	0.39333	0.33013
0.023176	0.097534	0.095992	0.16102	0.25922	0.35183	0.34205	0.31071
0.40144	0.47935	0.55239	0.51695	0.60951	0.60666	0.55281	0.54167
0.054494	0.2315	0.22079	0.23448	0.41563	0.45749	0.47421	0.43954
0.037764	0.13608	0.3397	0.43975	0.54789	0.59793	0.58523	0.52743
0.095965	0.053818	0.23743	0.40361	0.3933	0.51791	0.50399	0.44592
0.15377	0.17907	0.19841	0.26812	0.3873	0.51541	0.52162	0.50097
0.20892	0.28812	0.36499	0.46359	0.61695	0.6228	0.56333	0.5096
0.19201	0.29184	0.37336	0.39702	0.52	0.52387	0.46506	0.41241
0.054409	0.21119	0.28054	0.43967	0.54697	0.58612	0.52574	0.48331
0.13385	0.22877	0.20342	0.18564	0.27293	0.42257	0.43357	0.39162
0.12214	0.24921	0.38364	0.41016	0.47846	0.49769	0.48802	0.44052
0.25223	0.29133	0.39904	0.40307	0.50276	0.50254	0.45212	0.39453
0.28201	0.30634	0.28766	0.35934	0.5313	0.60126	0.54205	0.47332
0.37902	0.37581	0.39788	0.46984	0.48163	0.56278	0.52315	0.47302
-0.029588	-0.076195	-0.0085168	0.097231	0.31117	0.38893	0.38983	0.37864
0.041159	0.077135	0.20122	0.27705	0.38746	0.41355	0.4148	0.388
0.11596	0.15957	0.24277	0.34977	0.45802	0.46037	0.43133	0.38416
0.034072	-0.019665	-0.0058044	0.065893	0.24959	0.28813	0.3101	0.32181
0.31647	0.35796	0.39576	0.45182	0.53222	0.5866	0.52937	0.47378
0.16929	0.23547	0.33961	0.43981	0.53273	0.57969	0.50169	0.46206
-0.10565	-0.015671	0.074137	0.27111	0.40205	0.52517	0.47784	0.45278
0.25166	0.25232	0.27432	0.2862	0.45653	0.48454	0.47377	0.45731
-0.018815	-0.0028126	0.26206	0.37698	0.46495	0.4927	0.43959	0.40443
-0.032535	0.063282	0.14202	0.33824	0.44757	0.51132	0.50442	0.4765
0.25172	0.25823	0.28646	0.3419	0.47278	0.57746	0.5362	0.49349
0.014383	0.057809	0.33308	0.38535	0.47056	0.46982	0.46899	0.42931
0.0057336	0.023346	0.064315	0.18406	0.31419	0.41263	0.40525	0.38116
-0.112	-0.023365	0.027411	0.13571	0.19537	0.28526	0.28431	0.25945
0.14705	0.18612	0.26837	0.29196	0.44323	0.48409	0.47973	0.45197
0.29507	0.23031	0.29591	0.32604	0.42608	0.53009	0.53098	0.4976
-0.074276	0.0021656	0.10541	0.15796	0.32684	0.39227	0.40537	0.38849
-0.072424	0.019709	0.16631	0.2086	0.29286	0.41962	0.43949	0.38523
0.086684	0.17974	0.29817	0.36824	0.46231	0.50032	0.45434	0.37559
0.026466	0.031742	0.14632	0.22745	0.3395	0.44645	0.44521	0.43825
0.05461	0.068477	0.059863	0.24705	0.3538	0.49335	0.46122	0.40803
0.10349	0.18148	0.21778	0.24049	0.40852	0.43912	0.41998	0.38491
-0.12278	-0.10299	0.048896	0.12243	0.31986	0.44576	0.43035	0.3913
0.43311	0.36377	0.32112	0.309	0.42284	0.53882	0.50032	0.45239
0.25826	0.37888	0.42856	0.47682	0.52986	0.5324	0.47568	0.40559
0.40334	0.47181	0.45486	0.64334	0.66438	0.66596	0.59519	0.52365
0.18249	0.15866	0.13917	0.24122	0.35827	0.38108	0.36546	0.34331
0.26897	0.3249	0.32471	0.40621	0.47692	0.52825	0.5173	0.46728
0.37279	0.40567	0.36947	0.42363	0.51889	0.45529	0.41874	0.37555
-0.023197	0.0025637	0.37867	0.51427	0.61233	0.58298	0.5213	0.46788
-0.024605	-0.045785	0.079605	0.23334	0.36254	0.4197	0.45274	0.41498
0.23848	0.27831	0.3688	0.43002	0.45886	0.50933	0.50447	0.4559
0.046963	0.10293	0.14686	0.18229	0.35214	0.42979	0.44554	0.42508
0.1698	0.23291	0.26434	0.39348	0.4756	0.59029	0.56881	0.53862
-0.0072793	0.0036437	0.046145	0.10436	0.3368	0.44458	0.40094	0.34889
-0.023052	0.090599	0.13787	0.22104	0.34362	0.43277	0.45095	0.40701
0.14476	0.24559	0.31976	0.39961	0.51215	0.55344	0.50919	0.40952
-0.054233	-0.036819	0.21765	0.35243	0.50494	0.49994	0.51002	0.4447
-0.092651	-0.049777	0.06848	0.13517	0.25112	0.33931	0.31827	0.27193
0.28345	0.37518	0.39903	0.47056	0.51177	0.57508	0.53867	0.50281
-0.032614	0.010127	0.18974	0.27335	0.37244	0.4599	0.44867	0.41399
0.27738	0.12591	0.038833	0.10191	0.24128	0.32094	0.36203	0.36053
-0.0059547	0.1303	0.31686	0.3458	0.50816	0.54494	0.49658	0.46194
0.040438	0.14121	0.21112	0.23326	0.39182	0.43459	0.41843	0.3438
0.21258	0.2975	0.36522	0.50732	0.56426	0.57864	0.55047	0.49342
0.28616	0.31359	0.3405	0.21395	0.44438	0.47798	0.44821	0.39005
0.14567	0.17523	0.18803	0.2209	0.3481	0.40971	0.36055	0.32007
-0.0052603	-0.015599	-0.01922	0.085453	0.34483	0.46809	0.47077	0.41314
0.098577	0.21243	0.2718	0.37238	0.51865	0.57053	0.52749	0.46135
0.2153	0.33774	0.31048	0.42607	0.46003	0.52532	0.47958	0.42524
0.065566	0.11162	0.19968	0.18759	0.33851	0.41687	0.40361	0.35243
0.0083877	0.11405	0.20352	0.30307	0.29602	0.39595	0.3462	0.29825
0.015081	0.12271	0.28279	0.39267	0.49025	0.55644	0.54408	0.49437
-0.036577	0.020647	0.2088	0.30579	0.36306	0.42002	0.34612	0.29698
0.088958	0.052708	0.13492	0.26393	0.29997	0.42775	0.42088	0.36857
0.38877	0.3312	0.35588	0.55779	0.58054	0.63733	0.57676	0.5292
0.026397	-0.011866	0.11804	0.23165	0.34112	0.43597	0.43932	0.40848
-0.095923	0.031332	0.28097	0.41398	0.42517	0.48488	0.37842	0.31602
0.32783	0.26805	0.22618	0.35805	0.43846	0.4449	0.40183	0.36495
0.1105	0.25227	0.39489	0.44613	0.51184	0.50739	0.5247	0.49801
0.062785	0.066306	0.037345	0.079601	0.19972	0.2408	0.33656	0.34822
0.26201	0.20183	0.21726	0.21797	0.37439	0.42388	0.38231	0.33931
0.15366	0.20201	0.2441	0.33648	0.42434	0.52081	0.51494	0.4737
0.061891	0.13754	0.1913	0.30163	0.43569	0.47629	0.48407	0.42266
-0.055115	0.12436	0.13001	0.24652	0.39697	0.48154	0.45812	0.40716
0.30028	0.25588	0.36666	0.44624	0.53157	0.53972	0.53271	0.48189
0.067885	0.045963	0.15256	0.26409	0.39112	0.43697	0.39499	0.35692
0.015648	0.079663	0.26118	0.41599	0.49966	0.48689	0.50543	0.47129
-0.030151	0.028866	0.16734	0.33711	0.47782	0.48733	0.47976	0.46222
-0.0052106	0.016341	0.16128	0.30817	0.38459	0.48212	0.4735	0.4226
0.29071	0.25912	0.26333	0.27113	0.35734	0.41344	0.38667	0.35642
0.10228	0.076133	0.1312	0.28466	0.44508	0.55403	0.50024	0.45335
-0.030046	0.036215	0.10042	0.24347	0.32397	0.43899	0.41417	0.36349
0.099884	0.10201	0.24098	0.33945	0.43111	0.45793	0.49133	0.47798
0.20087	0.2118	0.27942	0.27645	0.39983	0.4427	0.42936	0.38221
0.020787	0.11145	0.16633	0.18642	0.22832	0.26544	0.26041	0.25092
0.15937	0.25278	0.33468	0.33037	0.46711	0.52581	0.46507	0.41883
0.16084	0.29767	0.37013	0.42261	0.51103	0.55541	0.55598	0.51754
0.17673	0.12586	0.15704	0.24049	0.44607	0.45237	0.46161	0.40697
-0.043829	-0.024629	0.068165	0.10649	0.26172	0.26373	0.26835	0.23484
0.36497	0.30931	0.26559	0.25628	0.29133	0.38532	0.38879	0.36647
0.29777	0.27865	0.38054	0.38738	0.36958	0.45961	0.4526	0.41909
0.07384	0.066987	0.087919	0.16682	0.36785	0.46661	0.50381	0.47886
0.091216	0.1549	0.15808	0.31277	0.42605	0.52868	0.51925	0.46957
0.15567	0.095514	0.13482	0.27981	0.35726	0.42475	0.40018	0.36741
0.092121	0.17177	0.26813	0.41629	0.48662	0.51333	0.47668	0.42684
-0.022999	0.10632	0.34655	0.46868	0.56198	0.62531	0.59948	0.54082
0.1505	0.25078	0.34783	0.37233	0.41016	0.55244	0.50162	0.46216
0.05001	0.12947	0.26838	0.38889	0.48179	0.55005	0.52351	0.4722
0.20925	0.2481	0.25874	0.39698	0.51971	0.57903	0.5442	0.48512
0.035313	0.068857	0.23724	0.21367	0.41288	0.44564	0.43112	0.38722
0.22203	0.25016	0.30825	0.34753	0.48112	0.53257	0.46453	0.40254
0.35042	0.31925	0.2942	0.40648	0.47444	0.52637	0.48508	0.43243
0.17182	0.17474	0.24495	0.31614	0.44028	0.4585	0.40248	0.36641
0.10708	0.034296	0.22254	0.33147	0.54193	0.52616	0.46498	0.41644
0.34829	0.31553	0.35662	0.48235	0.59821	0.60075	0.51109	0.45641
0.05694	0.13233	0.26873	0.29547	0.33011	0.40009	0.39549	0.34958
0.15466	0.15339	0.22979	0.26507	0.3372	0.37443	0.34646	0.31876
0.31756	0.20317	0.25353	0.28599	0.36569	0.35314	0.34702	0.33707
0.26967	0.30343	0.383	0.42592	0.47942	0.58644	0.51802	0.47398
0.23311	0.29057	0.25769	0.32391	0.5064	0.56328	0.5293	0.47639
0.28871	0.32191	0.31058	0.32093	0.36458	0.41296	0.38768	0.35564
0.31571	0.30767	0.30283	0.42319	0.50613	0.54633	0.51335	0.47584
0.26577	0.33625	0.36479	0.44486	0.56983	0.60764	0.56301	0.52622
0.056722	0.17502	0.1168	0.26354	0.32295	0.32357	0.30507	0.30248
-0.016955	0.082644	0.39232	0.43379	0.57833	0.61644	0.5745	0.51156
0.070282	0.020462	0.11445	0.19501	0.36047	0.40229	0.38631	0.36499
0.068754	0.38379	0.38647	0.60867	0.59791	0.6175	0.55402	0.504
0.04841	0.14488	0.31354	0.40022	0.48526	0.5259	0.50843	0.43455
-0.023222	0.068485	0.14299	0.21276	0.2791	0.32425	0.33521	0.30381
0.078898	0.082115	0.16749	0.24163	0.39702	0.47896	0.45368	0.42678
0.17761	0.20546	0.25857	0.33061	0.49679	0.49238	0.41936	0.33589
0.048458	0.10059	0.3163	0.41369	0.54107	0.59372	0.56414	0.49839
-0.073364	0.099497	0.16203	0.36457	0.40702	0.41352	0.38595	0.33015
0.24928	0.27296	0.31399	0.43478	0.61676	0.64372	0.57558	0.49221
0.16082	0.14751	0.1431	0.20473	0.28446	0.37486	0.3761	0.34316
0.24098	0.19613	0.26558	0.35613	0.53278	0.59465	0.50791	0.43304
0.084537	0.16043	0.30367	0.40747	0.47297	0.54259	0.52113	0.46984
0.20446	0.2866	0.32866	0.35853	0.47781	0.53247	0.51488	0.45485
0.023934	0.031224	0.18678	0.29979	0.33678	0.41953	0.41826	0.39107
0.096485	0.15862	0.39565	0.45251	0.4754	0.52549	0.51236	0.45405
-0.0091154	0.020606	0.089224	0.16207	0.30864	0.41977	0.43852	0.40478
0.23503	0.1559	0.2625	0.37431	0.432	0.50477	0.48387	0.44108
0.023721	0.034023	0.16603	0.2581	0.45281	0.47692	0.42918	0.35866
0.36163	0.47767	0.4781	0.51209	0.57887	0.60239	0.54293	0.48193
0.072737	0.15301	0.20306	0.29074	0.41113	0.4571	0.46258	0.41202
0.032333	0.08144	0.24044	0.27109	0.33025	0.43112	0.41557	0.37518
0.32816	0.32998	0.38996	0.41411	0.48707	0.51226	0.45748	0.38707
0.13931	0.11985	0.16821	0.27064	0.33442	0.44105	0.40369	0.35549
0.33099	0.29966	0.36217	0.47384	0.49097	0.56231	0.51971	0.46229
0.14063	0.1699	0.26044	0.31063	0.3989	0.52652	0.50566	0.4714
-0.02657	0.15295	0.24003	0.34864	0.47399	0.49045	0.48389	0.43433
0.12815	0.017608	0.22604	0.34254	0.55772	0.57633	0.54104	0.49513
0.042131	0.12342	0.23045	0.28076	0.38946	0.41813	0.41199	0.37373
0.13021	0.27541	0.35388	0.40323	0.5035	0.54383	0.50112	0.43658
0.18552	0.066874	0.20496	0.24801	0.45633	0.52207	0.46824	0.39841
0.099591	0.1953	0.3713	0.43339	0.51954	0.55683	0.52197	0.44492
0.172	0.14832	0.22475	0.34597	0.45269	0.53505	0.47143	0.39298
0.33435	0.34541	0.34083	0.39704	0.46762	0.48085	0.46561	0.42054
0.15756	0.086764	0.23112	0.19835	0.3291	0.42237	0.34936	0.32128
0.28199	0.22779	0.2505	0.23352	0.31146	0.41021	0.34772	0.30804
0.13833	0.2864	0.35355	0.41657	0.50661	0.5547	0.55627	0.51787
0.17999	0.21158	0.26941	0.42522	0.52031	0.5902	0.54915	0.49591
0.14201	0.041423	0.19657	0.28564	0.54082	0.53896	0.51488	0.4762
-0.040042	0.001248	0.084101	0.21494	0.3619	0.45325	0.43992	0.41021
0.014517	0.060754	0.14274	0.30814	0.39177	0.48058	0.4764	0.42609
0.095502	0.051872	0.098195	0.12681	0.25591	0.34082	0.32316	0.30044
0.11183	0.23644	0.27293	0.33814	0.44076	0.49968	0.5065	0.4803
0.22634	0.2816	0.33187	0.36299	0.45734	0.54923	0.52474	0.49298
0.083057	0.12771	0.063491	0.29954	0.42698	0.52251	0.51234	0.44471
0.018976	0.16024	0.34793	0.41884	0.51823	0.57366	0.56382	0.49442
-0.15023	-0.056738	0.20879	0.33002	0.36016	0.39567	0.3504	0.30168
-0.021853	-0.0015265	0.022821	0.058854	0.37561	0.4795	0.43843	0.41589
0.14215	0.12767	0.11811	0.24505	0.35687	0.46737	0.4432	0.39806
0.25753	0.21597	0.19104	0.26359	0.41881	0.49062	0.46583	0.42667
0.29183	0.30184	0.29661	0.42753	0.48442	0.54354	0.5238	0.46068
0.046025	0.14172	0.24174	0.3985	0.59243	0.62601	0.58249	0.55111
0.17905	0.25985	0.22962	0.35536	0.55586	0.59077	0.56077	0.51281
0.13081	0.12418	0.19244	0.18329	0.20559	0.25293	0.2312	0.18243
