0.35587	0.45969	0.28828	0.39572	0.60168	0.61702	0.60005	0.55527
-0.016872	-0.26511	0.31936	0.051467	0.14104	0.24365	0.19732	0.20973
-0.22922	0.00069452	0.027925	-0.43062	0.29643	0.43873	0.34318	0.37307
0.037083	-0.18569	0.1025	0.2443	0.28199	0.4333	0.48961	0.50793
0.24405	0.19777	0.38285	0.52959	0.55354	0.45412	0.42823	0.44095
-0.045949	0.13344	0.70771	0.73822	0.48616	0.47919	0.39179	0.40847
-0.027014	0.59119	0.7126	0.70112	0.71404	0.70088	0.6373	0.62573
0.065118	0.26465	0.28115	0.51132	0.52962	0.38979	0.31583	0.32963
0.35955	0.1644	0.27157	0.19649	0.41005	0.53611	0.50388	0.47801
0.025039	0.63593	0.58033	0.45224	0.4859	0.51142	0.5274	0.52603
0.027481	0.68144	0.44346	0.48301	0.45967	0.47276	0.49209	0.43813
-0.058178	-0.12077	-0.13001	0.2992	0.42839	0.55115	0.5396	0.47755
0.37236	0.55401	0.40451	0.43338	0.58191	0.62451	0.58224	0.52158
0.19978	0.37493	0.19822	-0.053565	0.033683	0.24159	0.30658	0.30364
0.020843	0.54036	0.65511	0.85778	0.64751	0.78654	0.71255	0.64966
0.24377	0.61898	0.44493	0.38137	0.45921	0.51026	0.47572	0.47955
-0.093154	-0.3644	-0.1315	-0.078678	0.11697	0.39848	0.41444	0.36002
0.2811	0.57893	0.51345	0.49699	0.33811	0.41664	0.39695	0.36921
0.014415	-0.35082	0.24349	0.36245	0.56612	0.54826	0.50408	0.48019
-0.31493	0.27252	0.43877	-0.084641	0.29811	0.51532	0.5713	0.48645
-0.044315	0.021606	-0.17882	-0.015671	0.2605	0.40234	0.36789	0.37271
0.094723	0.29531	0.2837	0.046685	0.17659	0.37583	0.46248	0.37812
0.083839	0.52056	0.64495	0.72459	0.57796	0.55782	0.45413	0.47053
0.05293	0.30084	0.39037	0.56912	0.45687	0.40221	0.35315	0.33657
-0.21091	0.012473	0.12648	0.37655	0.4683	0.63971	0.64114	0.55418
0.069124	0.6079	0.75258	0.74258	0.7157	0.70349	0.64188	0.59751
-0.10781	-0.49036	-0.36028	0.00267	0.57878	0.53059	0.49542	0.43332
0.0041782	0.19242	0.20367	0.26046	0.45305	0.45773	0.41144	0.39984
0.24887	0.53248	0.66831	0.68301	0.69797	0.60638	0.54252	0.48791
0.080615	0.3209	0.56007	0.55835	0.66885	0.70024	0.58414	0.56143
0.29666	0.30089	0.19393	0.37731	0.33541	0.31692	0.32357	0.34857
-0.053448	0.45694	0.58997	0.57464	0.49569	0.5257	0.47237	0.45341
-0.3223	0.64943	0.73942	0.86119	0.8054	0.68232	0.63418	0.55819
0.10088	0.30851	0.38184	0.41268	0.45562	0.34251	0.40923	0.43423
0.11479	0.18433	0.20884	0.42594	0.60315	0.57257	0.51677	0.44089
-0.4779	-0.086981	0.01383	0.10473	0.30597	0.43504	0.38651	0.34652
-0.25607	0.23442	0.3584	0.29347	0.43438	0.45969	0.49355	0.43022
-0.097405	0.29731	0.58558	0.53079	0.31095	0.31275	0.37061	0.39276
-0.036753	0.009944	0.069913	0.192	0.54078	0.66	0.58207	0.50578
0.074754	0.053153	0.3716	0.4318	0.3161	0.48545	0.46053	0.4065
-0.38908	-0.038871	0.25645	0.7025	0.56355	0.40892	0.37568	0.46182
0.45887	0.033722	-0.15815	-0.053342	0.18433	0.34186	0.35826	0.3533
0.26435	0.22716	0.17626	0.22867	0.28645	0.47547	0.49562	0.50186
-0.11986	0.14209	0.41173	0.45768	0.35812	0.37046	0.39256	0.39606
0.29457	0.21093	0.19304	0.42338	0.5511	0.48758	0.47944	0.4195
0.34206	0.38311	0.50094	0.62128	0.75674	0.55819	0.46664	0.39469
0.47379	0.72179	0.80891	0.81047	0.73391	0.56073	0.51005	0.50336
-0.3384	-0.011455	0.14986	0.19276	0.5113	0.52815	0.45959	0.4518
0.046003	0.19434	0.47964	0.33645	0.49497	0.53911	0.48477	0.43475
-0.0031918	0.0020298	0.19076	0.6148	0.5688	0.6211	0.51491	0.45331
0.33624	0.1849	0.21513	0.22263	0.26248	0.3751	0.33035	0.33344
-0.34046	0.082193	0.3788	0.4381	0.38085	0.5143	0.45784	0.41494
0.30178	0.27437	0.15559	0.50566	0.45023	0.44865	0.43622	0.40906
0.081833	-0.031183	0.1583	0.57494	0.5585	0.60528	0.51785	0.4591
0.11698	0.38137	-0.16463	0.30168	0.27845	0.32869	0.29557	0.33517
-0.051358	0.05137	0.44323	0.49348	0.57978	0.70509	0.62196	0.57316
-0.089822	-0.11807	-0.2016	-0.074491	0.16091	0.37283	0.35668	0.3944
0.062413	-0.13822	-0.16255	0.028834	0.22548	0.47162	0.40502	0.40836
-0.26044	0.22823	0.47647	0.61864	0.6016	0.71257	0.68904	0.65601
-0.037815	0.049737	-0.046376	0.49789	0.53499	0.53903	0.41729	0.42985
0.40864	0.14687	0.42061	0.40913	0.47436	0.49517	0.49624	0.43926
-0.11475	-0.45889	-0.29222	-0.050937	0.27349	0.48426	0.42276	0.37014
0.2142	0.47554	0.58811	0.66065	0.66424	0.44755	0.39441	0.42522
0.49407	0.37106	0.51582	0.58418	0.54766	0.49534	0.51854	0.46063
-0.028199	-0.011925	0.30186	0.56088	0.5951	0.62539	0.58408	0.5315
-0.062786	0.31023	0.63628	0.61458	0.45704	0.2755	0.31719	0.33082
-0.058165	-0.05063	0.13967	0.13776	0.28822	0.31771	0.37153	0.31475
0.030422	-0.26545	-0.17063	-0.0069808	0.47328	0.56797	0.50462	0.48114
-0.047206	0.026345	0.24407	0.27705	0.26776	0.37472	0.35822	0.44259
0.34163	0.54412	0.53843	0.37147	0.33454	0.38498	0.41035	0.45888
0.1577	0.28567	0.31377	0.54278	0.61609	0.67533	0.65156	0.62148
0.040811	-0.17513	0.096667	0.0010334	0.084901	0.40712	0.37539	0.3663
0.037124	0.1094	0.28528	0.23708	0.38228	0.53469	0.46341	0.41532
0.11772	0.5577	0.57114	0.68018	0.62039	0.53409	0.42018	0.39186
-0.083851	0.53548	0.56281	0.59011	0.52005	0.5157	0.40973	0.42602
-0.094292	-0.09082	0.051185	0.25266	0.25059	0.35881	0.26509	0.219
-0.10494	0.24341	0.036192	0.076582	0.46615	0.52115	0.47215	0.46597
0.39802	0.61079	0.73471	0.33358	0.3476	0.31324	0.36536	0.34118
0.19458	0.47004	0.58379	0.46877	0.47027	0.43134	0.3915	0.39628
-0.23792	0.39711	0.4043	0.48779	0.5709	0.5629	0.46732	0.45282
-0.1778	0.051185	0.21159	0.68891	0.62779	0.4936	0.43032	0.42862
0.26168	0.33074	0.44744	0.32162	0.42886	0.41969	0.50667	0.44272
0.46167	0.53326	0.53055	0.61763	0.5464	0.54195	0.47343	0.4193
0.25861	0.21696	0.51908	0.38795	0.30039	0.27185	0.36064	0.40072
-0.048334	-0.067218	0.38986	0.55076	0.60554	0.57247	0.47921	0.43325
-0.0025791	0.37815	0.079911	0.022619	0.13786	0.40781	0.34546	0.31694
0.10843	0.077407	0.33259	0.26712	0.29655	0.37532	0.40123	0.41067
-0.26158	-0.26913	0.14029	0.17	0.17208	0.23731	0.42369	0.41895
0.062069	0.45049	0.66163	0.65122	0.72095	0.50516	0.48722	0.48449
-0.11979	0.083227	0.29629	0.59115	0.55521	0.54384	0.40867	0.3621
0.14822	0.36833	0.066299	0.60876	0.60548	0.45878	0.41012	0.37007
-0.31686	0.24677	-0.40259	-0.02344	0.28646	0.43302	0.40662	0.33275
-0.10691	0.24766	0.38884	0.55324	0.40384	0.46281	0.45034	0.41174
0.29749	0.03566	0.11792	0.34199	0.45792	0.49817	0.44914	0.4149
-0.065726	0.11698	0.18093	0.25123	0.46619	0.45792	0.52014	0.48163
-0.00013249	0.13183	0.33858	0.33982	0.4916	0.46559	0.39035	0.37122
-0.11011	0.20831	0.33823	0.27618	0.36961	0.48654	0.48964	0.46303
0.65982	0.26694	0.47093	0.70557	0.73188	0.7768	0.7161	0.61607
0.51834	0.4132	0.82281	0.81885	0.69282	0.50984	0.5025	0.48971
0.35337	-0.04566	0.066418	0.10024	0.1241	0.2173	0.28378	0.28259
-0.24579	0.010868	0.24144	0.48429	0.41709	0.60687	0.52081	0.46448
0.039446	-0.73984	-0.57784	-0.13182	0.02029	0.23424	0.3587	0.36441
-0.17688	-0.030101	-0.022577	0.27125	0.45725	0.65417	0.62058	0.59531
0.20326	-0.19915	-0.050701	0.23035	0.29875	0.39043	0.33783	0.35734
-0.21699	-0.15513	-0.11292	0.082367	0.30711	0.53339	0.56462	0.52673
0.23018	0.1427	0.15573	0.26418	0.28153	0.29643	0.39021	0.35688
0.30147	0.14296	-0.055774	0.21907	0.635	0.68346	0.62436	0.5582
0.0063514	0.11361	0.335	0.4379	0.46449	0.58029	0.4911	0.46616
0.09363	0.11673	0.34621	0.27655	0.36795	0.42735	0.40943	0.33458
-0.29871	-0.21715	-0.079576	0.33723	0.19174	0.35203	0.44344	0.43605
0.21469	0.25483	-0.035457	0.20486	0.31534	0.44016	0.40622	0.38063
0.16035	0.36467	0.10112	0.39892	0.32664	0.23994	0.3027	0.28692
0.2189	0.25508	0.77014	0.73943	0.74252	0.6277	0.55488	0.52728
-0.067216	0.19653	-0.00091978	0.13302	0.40398	0.48571	0.47084	0.43129
-0.031338	0.32417	0.46965	-0.021968	0.46792	0.56698	0.54031	0.50775
0.12694	-0.032156	-0.23883	0.16119	0.072237	0.21003	0.28169	0.33276
0.047457	0.135	0.24969	-0.036533	-0.044648	0.23698	0.34889	0.34276
0.13969	0.20237	0.57532	0.78563	0.79335	0.64553	0.62563	0.56936
-0.12557	-0.0063579	0.35682	0.5155	0.48311	0.54023	0.51304	0.50025
-0.050268	0.30114	0.44435	0.73979	0.63233	0.54617	0.47191	0.43283
-0.029688	0.29967	0.33083	0.3947	0.47638	0.40348	0.37884	0.41435
0.35644	0.39848	0.68951	0.64115	0.6429	0.61859	0.5615	0.53574
0.41	0.63093	0.54022	0.44522	0.35989	0.49455	0.47426	0.43449
-0.23235	-0.16211	-0.34801	0.086216	0.30456	0.5076	0.46275	0.42593
0.079113	-0.13199	0.40696	0.59554	0.55247	0.51534	0.52383	0.50792
-0.029147	0.13787	0.25422	0.28043	0.49088	0.42647	0.35203	0.30699
-0.00033809	0.0014753	-0.38548	-0.033149	0.30064	0.46864	0.47167	0.42855
-0.24047	0.12984	0.030049	0.055647	0.22519	0.40507	0.42091	0.39995
0.011305	-0.30423	-0.12437	-0.13665	-0.21263	0.00015596	0.14648	0.18168
-0.22127	0.40362	0.55738	0.30517	0.43155	0.5339	0.52474	0.48628
0.16705	0.55204	0.35605	0.70486	0.68495	0.6106	0.56085	0.45911
0.073958	0.3512	0.65821	0.79038	0.77738	0.7492	0.70041	0.61747
-0.005372	0.13991	0.48691	0.46425	0.38561	0.54029	0.55875	0.55201
0.50034	0.36942	0.4854	0.67308	0.5724	0.51417	0.48896	0.40493
0.11243	-0.055656	0.63827	0.64871	0.63047	0.51008	0.49487	0.40986
0.21377	0.18022	0.37069	0.62243	0.74931	0.65173	0.57196	0.49742
0.16387	0.26757	0.55747	0.36252	0.35408	0.46615	0.46742	0.42513
-0.0084479	-0.0027129	-0.19266	-0.29562	-0.12528	0.33255	0.3343	0.37811
-0.21874	0.27463	0.32088	0.44815	0.44174	0.47348	0.39257	0.38166
0.081596	0.32051	0.59526	0.69556	0.71507	0.7292	0.61593	0.58557
-0.18371	-0.42994	-0.42232	-0.21315	0.23331	0.34804	0.32434	0.33802
0.1193	0.3789	0.35863	0.45909	0.58359	0.5416	0.4999	0.46012
0.25497	-0.13644	-0.24426	0.30174	0.41082	0.62624	0.57994	0.53785
0.070516	-0.38147	-0.2991	-0.025278	0.2826	0.57122	0.55448	0.51186
-0.031376	-0.063681	-0.19035	-0.046968	0.23795	0.26758	0.30882	0.34187
-0.067234	0.20154	0.21523	0.43334	0.30471	0.48171	0.54654	0.4958
-0.06863	0.22406	0.42875	0.52579	0.34955	0.23922	0.44671	0.48404
-0.045599	-0.0044103	0.2765	0.59428	0.71221	0.77011	0.64802	0.54139
-0.325	0.33675	0.33267	0.30579	0.019993	0.19821	0.3525	0.37066
-0.073044	0.17023	0.032605	-0.2273	0.099293	0.24431	0.28713	0.31363
0.11512	-0.40599	-0.32165	0.23094	0.50752	0.45153	0.42425	0.40475
-0.0072472	0.3038	0.19206	0.06861	0.19955	0.30433	0.36111	0.36418
0.083559	0.12676	-0.10126	0.2192	0.66085	0.57174	0.54441	0.50142
-0.032604	0.5543	0.71032	0.69725	0.69181	0.72033	0.63882	0.60041
-0.074151	0.463	0.51068	0.64163	0.69045	0.64028	0.64168	0.63484
0.083319	0.30531	0.24586	0.073828	0.33396	0.44952	0.47743	0.42836
0.080107	0.26823	0.51297	0.59169	0.62584	0.51835	0.42456	0.39306
-0.34196	0.18114	0.3607	0.47663	0.43604	0.34159	0.28071	0.25545
-0.045102	0.16616	0.33644	0.35517	0.16217	0.43508	0.44662	0.46129
0.046527	-0.20009	0.15671	0.48306	0.63927	0.52673	0.43644	0.42595
-0.019299	-0.016831	-0.14849	0.038945	0.33772	0.35454	0.33404	0.29697
-0.32998	-0.35533	0.33399	0.44071	0.51254	0.44561	0.39826	0.39051
-0.064733	0.32649	0.33474	0.47389	0.50841	0.44744	0.43617	0.44512
0.096526	0.55018	0.66842	0.70252	0.57998	0.52598	0.47945	0.44475
0.1091	0.44689	0.52888	0.60081	0.43631	0.37001	0.41165	0.42442
0.42054	0.26127	0.35241	0.46045	0.54547	0.48349	0.45138	0.41904
0.0025388	0.062524	0.3761	0.33517	0.29821	0.34832	0.34339	0.32844
-0.048167	0.58001	0.75037	0.75085	0.70516	0.7296	0.64634	0.59636
0.32335	0.58889	0.38946	0.45612	0.61041	0.55097	0.57335	0.51597
0.10033	-0.027287	0.1519	0.48709	0.68857	0.46423	0.42202	0.38244
0.23769	0.08732	0.14779	0.12336	0.32778	0.46467	0.42888	0.43348
-0.16697	-0.15861	0.19904	0.18047	0.26234	0.32208	0.31123	0.29969
0.0016539	0.57629	0.65964	0.63926	0.63052	0.67634	0.62323	0.60549
-0.28381	0.078387	-0.09587	0.20854	0.66573	0.69817	0.72077	0.67285
0.24889	0.45408	0.42523	0.46171	0.19242	0.39737	0.41032	0.41913
-0.30314	-0.30627	0.041084	-0.19516	0.14582	0.43547	0.4709	0.44338
0.33883	-0.025969	0.13403	0.064394	0.25874	0.37559	0.32582	0.36105
-0.137	-0.20552	-0.22739	0.16425	0.20981	0.40703	0.38392	0.43651
0.3373	0.36127	0.37777	0.64777	0.69666	0.62553	0.55392	0.54918
0.11331	0.16781	0.18557	0.3636	0.36704	0.44027	0.41703	0.39679
-0.048588	0.15961	0.59737	0.69894	0.59849	0.67596	0.60948	0.57411
-0.055614	0.58527	0.72883	0.71108	0.67112	0.72017	0.6408	0.60923
-0.084974	-0.10463	0.031057	0.1942	0.35874	0.4424	0.46702	0.41918
-0.15453	-0.18204	0.10751	0.051803	0.10854	0.29892	0.36377	0.36795
-0.044253	0.086971	0.29262	0.64485	0.46512	0.45955	0.58512	0.55409
0.11991	0.091485	0.36661	0.42065	0.32116	0.44153	0.43108	0.3622
0.052597	-0.032382	-0.45612	0.093002	0.3002	0.39515	0.38927	0.41164
-0.064123	-0.01141	-0.18457	0.02493	0.32791	0.27836	0.32151	0.3412
0.036733	0.074546	0.23646	0.063526	0.25917	0.40111	0.4242	0.45404
-0.34217	-0.24257	0.37071	0.45403	0.45605	0.38234	0.48843	0.5159
-0.10296	0.54018	0.62847	0.68038	0.68636	0.70015	0.62729	0.58509
0.16431	0.39194	0.54515	0.61114	0.58228	0.49602	0.42361	0.41381
0.069266	0.30546	0.29055	0.36323	0.44076	0.499	0.51957	0.46852
0.35643	0.55652	0.77696	0.52635	0.47449	0.39158	0.42927	0.43181
-0.26673	0.40452	0.37332	0.5396	0.45739	0.37727	0.37781	0.35554
0.3099	0.40138	0.18386	0.6764	0.68963	0.6264	0.56102	0.52093
-0.25992	-0.38671	0.095288	0.14866	0.41821	0.43938	0.44899	0.52398
0.28007	0.33304	0.60697	0.51257	0.65004	0.60399	0.61075	0.56273
-0.018586	0.39827	0.02806	-0.14709	0.17837	0.42567	0.44856	0.37498
0.15721	0.34827	0.13123	0.12341	-0.039177	0.11783	0.17252	0.22745
0.050278	0.053638	0.39462	0.46612	0.38971	0.30035	0.32613	0.36739
-0.26492	0.2746	0.53521	0.6213	0.48736	0.56988	0.53649	0.52435
0.54886	0.62101	0.69438	0.53738	0.50787	0.51711	0.52233	0.51869
0.15677	0.39421	0.50696	0.54011	0.42771	0.25266	0.35675	0.36753
-0.16431	0.0014897	0.18907	0.42772	0.38014	0.38347	0.40977	0.42252
0.29146	0.36136	0.72713	0.75479	0.60796	0.51789	0.48873	0.46648
-0.11288	-0.10641	-0.23958	0.10751	0.48934	0.53508	0.39671	0.3425
-0.1366	-0.29448	0.11804	0.45914	0.50441	0.59974	0.54713	0.49424
-0.45315	-0.06591	-0.16848	-0.0064014	0.31304	0.34308	0.27211	0.30679
-0.18689	-0.21218	-0.019908	0.3745	0.43204	0.35902	0.29298	0.26946
-0.15998	0.098269	0.31364	0.44732	0.48166	0.51829	0.50368	0.45954
-0.12255	0.56322	0.5722	0.57656	0.59824	0.47582	0.49723	0.45175
0.31112	0.20379	0.075062	0.34717	0.53756	0.52741	0.4569	0.44997
0.20403	0.39063	0.61692	0.58946	0.63028	0.55671	0.5471	0.49248
-0.072916	0.20388	0.042296	0.35243	0.31656	0.42291	0.37638	0.44439
-0.21731	-0.35491	0.3183	0.27542	0.56146	0.56625	0.50581	0.45521
-0.15852	-0.11665	-0.11793	0.094451	0.20864	0.374	0.35931	0.35858
0.25521	0.16831	0.22121	0.1701	0.076106	0.24365	0.21693	0.28047
0.49907	0.50731	0.43488	0.18347	0.29941	0.31832	0.31918	0.28393
-0.3917	-0.53542	-0.41247	-0.31568	0.38229	0.50927	0.47759	0.43267
-0.14265	0.018983	0.13461	-0.11181	-0.14022	0.26765	0.40764	0.46284
-0.29689	-0.21315	-0.025779	0.17643	0.11253	0.42464	0.40272	0.37632
-0.02746	-0.064875	0.39304	0.47649	0.55879	0.60405	0.54676	0.50145
-0.027584	-0.12498	0.56583	0.42953	0.26621	0.33634	0.30545	0.32665
0.13991	0.17801	0.28841	0.68413	0.60942	0.53597	0.54712	0.56117
0.21593	-0.25512	-0.44918	-0.42075	-0.087821	0.15038	0.18565	0.27974
-0.083626	0.14452	0.24749	0.20213	0.53123	0.66833	0.56013	0.44642
0.056595	0.099192	0.27702	0.45334	0.46474	0.56353	0.54422	0.49934
0.33757	-0.35693	-0.27994	0.46174	0.46998	0.5439	0.46827	0.41693
0.24028	0.38055	0.49953	0.40921	0.51822	0.47025	0.44932	0.45716
-0.30053	-0.56914	0.012232	0.15651	0.057254	0.13269	0.11889	0.20035
0.31041	0.40244	0.24894	0.67115	0.68937	0.6396	0.52374	0.51242
-0.034197	0.23599	0.44905	0.75529	0.57341	0.49618	0.52144	0.41885
0.039748	0.25073	0.48672	0.55906	0.52183	0.45997	0.42168	0.38809
-0.34596	0.32569	0.55986	0.60014	0.57874	0.6515	0.53132	0.46754
0.18139	0.08325	0.26342	0.54159	0.2359	0.37283	0.43225	0.4149
-0.22346	0.057608	0.029147	0.17416	0.41281	0.3902	0.35	0.36419
-0.049347	-0.075187	-0.28239	-0.078721	0.086345	0.34522	0.3593	0.4433
-0.040047	-0.12249	0.17541	0.62448	0.55402	0.59395	0.52664	0.48231
-0.21396	0.49853	0.60232	0.73634	0.60641	0.60624	0.58557	0.57188
-0.21491	0.028696	0.72847	0.63362	0.67982	0.58981	0.53926	0.46038
0.10403	0.51217	0.46903	0.48043	0.5165	0.64223	0.66612	0.55923
-0.32628	-0.14346	-0.32976	-0.51297	-0.061662	0.26232	0.333	0.37654
0.17573	-0.036331	-0.095991	0.071029	0.42685	0.52197	0.44197	0.45073
-0.067468	-0.0016299	0.24012	0.27161	0.35734	0.42049	0.33628	0.28546
0.063544	0.57368	0.66346	0.69138	0.71001	0.70209	0.62119	0.59026
0.16802	0.11383	0.63071	0.70072	0.60851	0.45567	0.36231	0.37789
-0.37663	-0.28926	-0.56319	0.080886	0.4959	0.62465	0.5316	0.44735
0.27103	0.49038	0.66145	0.74742	0.71764	0.59917	0.48029	0.44074
-0.19492	0.19837	0.39974	0.37191	0.56192	0.47344	0.421	0.37099
-0.42763	0.17713	0.49178	-0.019584	0.19018	0.38646	0.35138	0.3215
-0.070283	0.61822	0.73755	0.7049	0.69518	0.72558	0.65169	0.60367
-0.18838	0.37065	0.40286	0.73673	0.67631	0.70488	0.61358	0.57633
-0.010456	0.41225	0.30172	0.47187	0.26741	0.1669	0.21203	0.22525
-0.48128	-0.30471	0.20235	0.5203	0.62754	0.76441	0.66786	0.59408
0.41154	0.62767	0.58483	0.77033	0.69967	0.61401	0.54561	0.51038
0.1016	0.18215	0.20604	0.48552	0.53763	0.56597	0.50775	0.45526
-0.35473	-0.43783	-0.60642	-0.42575	0.13817	0.51463	0.50464	0.46943
-0.11737	0.22712	0.41624	0.20793	0.47008	0.3796	0.35742	0.36714
0.12283	0.53974	0.61721	0.65672	0.69974	0.71317	0.73675	0.69357
-0.14355	-0.041599	0.21824	0.27554	0.42678	0.54196	0.49375	0.48952
-0.25762	0.38993	0.44636	0.33445	0.32186	0.30241	0.36705	0.38794
-0.19718	-0.26251	0.13167	0.16107	0.54955	0.56922	0.50325	0.50657
0.28692	0.35262	-0.080265	-0.039137	0.10984	0.15773	0.25189	0.30318
0.16225	0.13899	0.39074	0.46607	0.41563	0.5292	0.49581	0.49724
0.0050496	0.077096	0.07897	0.16461	0.098701	0.32314	0.37994	0.43849
0.036424	-0.3842	-0.34489	0.077743	0.11045	0.40773	0.44027	0.46595
-0.188	-0.0088207	0.67076	0.61908	0.58825	0.61691	0.66812	0.60697
-0.12949	0.29464	0.47543	0.6124	0.70984	0.65364	0.55905	0.51133
-0.15579	-0.44044	-0.19635	0.11888	0.27989	0.35181	0.32317	0.30069
0.011422	0.13618	0.31859	-0.029044	0.22933	0.45276	0.46167	0.429
-0.18287	-0.37489	-0.46498	-0.54938	0.37318	0.63818	0.56983	0.48719
0.010114	0.22928	0.33415	0.45342	0.48553	0.54671	0.48808	0.46075
0.091506	0.34171	0.73217	0.83829	0.64996	0.41148	0.3415	0.36611
-0.43808	0.13061	-0.28798	-0.28765	0.26541	0.37606	0.31369	0.32189
0.33225	0.52501	0.68865	0.45273	0.50428	0.50641	0.46612	0.44389
0.19751	-0.35405	-0.099954	0.25089	0.37241	0.52214	0.48204	0.43087
0.25308	0.10498	0.39231	0.32325	0.48772	0.37214	0.37799	0.33979
0.21858	0.20918	0.019833	0.44324	0.56839	0.64771	0.5726	0.52747
0.42988	0.32254	-0.081915	0.11885	0.34991	0.44002	0.38887	0.37113
0.052381	0.49172	0.41089	0.26202	0.35645	0.39329	0.36214	0.33309
0.03409	-0.20645	0.07741	0.22955	0.41374	0.58424	0.57247	0.50415
-0.18649	-0.18442	-0.1167	0.32199	0.44993	0.50889	0.49382	0.45494
-0.042652	-0.082702	-0.093106	0.015375	0.39049	0.45416	0.37271	0.36379
-0.05463	0.36765	0.57186	0.6257	0.54716	0.5604	0.55857	0.46081
0.24031	-0.15925	-0.349	0.038494	0.10548	0.23713	0.31427	0.31534
0.13942	-0.18257	0.089415	0.26126	0.36859	0.49733	0.51245	0.47721
-0.27278	-0.0058675	-0.002743	0.39478	0.48733	0.3159	0.34716	0.3396
-0.090122	0.063045	0.2571	0.37755	0.59647	0.44569	0.47079	0.43784
-0.17413	0.34496	0.43404	0.48861	0.50387	0.51368	0.51775	0.47772
0.19478	0.30825	0.18946	0.23238	0.17245	0.11176	0.17853	0.21667
-0.26115	-0.45492	-0.55261	-0.18848	0.22839	0.28855	0.3314	0.32094
-0.15604	-0.12895	0.17925	0.52523	0.54741	0.52366	0.4749	0.4792
0.02285	0.072566	0.058519	0.014809	0.28904	0.35187	0.33757	0.3605
0.67492	0.7844	0.86817	0.69643	0.63555	0.60187	0.54151	0.50021
-0.095006	-0.16214	0.20105	0.37081	0.40134	0.39623	0.40277	0.37155
0.11952	0.10296	0.15085	0.14949	0.28907	0.28156	0.34221	0.38289
0.16808	0.15659	0.16519	0.62047	0.59193	0.64792	0.51212	0.42387
0.17804	0.12026	-0.10622	0.072315	0.54975	0.63549	0.62063	0.50205
-0.0073196	0.2132	0.38179	0.36542	0.54823	0.55817	0.52179	0.54416
-0.4147	-0.015198	0.36812	0.28572	0.20886	0.28671	0.33551	0.34515
-0.17977	-0.028168	0.57024	0.64772	0.45417	0.49549	0.47657	0.47602
0.46217	-0.42259	0.26302	0.72419	0.6211	0.56359	0.51694	0.483
0.15068	0.63406	0.65387	0.72099	0.6858	0.58064	0.56343	0.52659
0.11895	-0.0053414	0.26923	0.62199	0.58828	0.55578	0.55227	0.5025
-0.055189	0.62305	0.72495	0.71328	0.72595	0.72461	0.64534	0.60925
0.075093	0.59855	0.7426	0.72298	0.7353	0.72607	0.65035	0.6084
0.089559	0.2557	0.35666	0.53148	0.60143	0.5824	0.56649	0.55413
0.20107	0.33953	0.51302	0.67354	0.5397	0.53979	0.56245	0.56102
0.13419	0.24328	0.52607	0.68921	0.78895	0.77007	0.65875	0.61612
-0.24978	-0.0048786	0.27885	0.4156	0.59491	0.55422	0.54241	0.51203
0.13204	-0.30941	-0.049666	0.18654	0.23566	0.32754	0.33626	0.3078
-0.29406	-0.036234	0.54962	0.55321	0.65035	0.65158	0.57366	0.51911
-0.42058	0.21494	0.37681	0.3205	0.5121	0.37747	0.30527	0.2493
-0.063859	0.13037	0.48291	0.38034	0.50296	0.40529	0.45397	0.43482
0.34423	0.17321	0.5067	0.68061	0.57593	0.41429	0.448	0.44566
-0.21067	-0.082266	-0.31309	0.061388	0.32788	0.38468	0.40376	0.43403
-0.31395	-0.21039	0.29097	0.3798	0.34256	0.32766	0.36002	0.37863
0.22035	0.39653	0.41223	0.56259	0.2614	0.32492	0.49375	0.48752
-0.023295	0.13252	-0.020373	0.29481	0.65705	0.63764	0.56327	0.5046
-0.010508	0.032117	0.72644	0.64131	0.56989	0.55546	0.51532	0.46477
-0.29921	0.031413	0.1373	0.35078	0.43103	0.72045	0.71634	0.62114
-0.08852	0.57254	0.70633	0.68123	0.67861	0.71928	0.63054	0.60801
-0.46044	0.27966	0.19643	0.58348	0.64154	0.69329	0.59206	0.52903
-0.20641	0.022627	-0.028698	0.17342	0.27604	0.27801	0.32263	0.36573
0.095024	0.31807	0.68367	0.66401	0.50097	0.37837	0.32534	0.31285
0.086447	-0.11153	-0.0026404	-0.082864	0.23362	0.27661	0.31721	0.36001
-0.053939	0.49285	0.37754	0.57009	0.65608	0.61495	0.52096	0.45557
-0.017248	0.3697	0.49011	0.56182	0.51609	0.5757	0.47188	0.46775
-0.067552	0.045553	0.14738	0.546	0.55206	0.41537	0.34938	0.33889
0.23948	0.23299	-0.018196	0.23242	0.41341	0.4705	0.47328	0.47433
-0.33113	-0.34931	-0.60375	0.41874	0.33532	0.29699	0.37985	0.37183
0.25378	0.41102	0.61154	0.65048	0.59486	0.51902	0.49531	0.49094
0.077999	-0.058663	0.46069	0.59635	0.52775	0.41325	0.4649	0.44714
-0.14275	-0.266	-0.26678	0.20778	0.28387	0.34772	0.3533	0.37371
0.065787	0.5571	0.71373	0.40874	0.41683	0.42554	0.41821	0.3888
-0.076765	-0.04739	-0.28547	-0.16664	0.19528	0.22117	0.30376	0.38661
-0.0068284	0.1694	0.30715	0.11743	0.18177	0.20159	0.33641	0.33851
0.085081	0.20139	0.37048	0.57737	0.60116	0.50756	0.49079	0.45535
0.44123	0.48925	0.66611	0.63482	0.48973	0.51525	0.47265	0.46121
0.0039969	0.3002	0.25481	0.41186	0.54496	0.62284	0.55399	0.536
0.18488	0.090444	0.1297	0.23471	0.43027	0.37654	0.42046	0.36273
-0.3045	0.23597	0.70992	0.69831	0.65712	0.59413	0.61993	0.53155
0.26112	0.45727	0.59975	0.25511	0.13044	0.21663	0.32916	0.33017
0.096858	0.048089	-0.16187	-0.054519	0.33146	0.55932	0.567	0.55321
-0.23108	-0.39814	-0.2851	0.16491	0.39394	0.42312	0.4423	0.34234
0.39322	-0.27237	-0.13853	-0.0031449	0.14934	0.17685	0.2104	0.25814
0.3243	0.34404	0.32989	0.46301	0.35179	0.55613	0.46154	0.34537
-0.02168	-0.31823	0.059169	0.10453	0.17669	0.41409	0.42495	0.35938
-0.11958	0.13284	0.45946	0.50393	0.49664	0.53105	0.4797	0.44017
-0.14609	0.23166	0.16413	0.28561	0.50117	0.61198	0.58257	0.58839
-0.10061	-0.16788	0.4399	0.42607	0.5127	0.43221	0.42772	0.43216
0.10431	0.29891	0.52461	0.42108	0.5403	0.64556	0.58926	0.55491
0.30405	0.19604	0.42509	0.52735	0.5301	0.49312	0.44086	0.38628
0.38928	0.44721	0.54738	0.58257	0.45269	0.44556	0.46703	0.43919
0.048396	0.056539	0.3674	0.51062	0.34932	0.35488	0.38843	0.40586
0.27821	0.26601	0.48849	0.58268	0.74277	0.60376	0.50293	0.43018
0.36986	0.30228	0.13992	0.55892	0.34761	0.26951	0.25378	0.29072
-0.31629	0.034527	-0.0064827	0.18869	0.4203	0.45235	0.37716	0.35472
-0.025178	-0.25944	-0.43246	-0.3021	0.10921	0.35537	0.41519	0.43177
-0.11816	-0.25198	0.083488	0.39776	0.43877	0.47353	0.43118	0.42274
-0.10591	0.018145	0.35407	0.50004	0.55155	0.62138	0.55412	0.53289
0.37527	0.49943	0.67032	0.70286	0.71081	0.67073	0.60514	0.58313
0.31278	0.43426	0.41775	0.39481	0.58791	0.579	0.5475	0.51893
0.14041	0.34993	0.20859	0.47305	0.53252	0.53362	0.46868	0.40948
-0.25183	-0.21775	-0.27142	0.44495	0.59748	0.54936	0.45624	0.45563
-0.12247	-0.05093	0.21765	0.18719	0.31314	0.42287	0.40983	0.41496
0.257	0.1998	0.10678	0.58289	0.50445	0.53191	0.48442	0.43912
0.41836	0.17412	-0.073979	0.50346	0.44316	0.54277	0.50981	0.45199
0.014043	0.34285	0.61048	0.46039	0.24653	0.34451	0.36113	0.34913
-0.28028	0.14172	0.15052	0.56271	0.59698	0.40951	0.39818	0.30204
-0.24422	-0.27533	0.14516	0.33127	0.51489	0.56893	0.54035	0.52642
0.033323	0.37518	0.49189	0.37533	0.23698	0.29678	0.3268	0.37369
0.1594	0.31487	0.56921	0.55785	0.61299	0.5334	0.48832	0.50249
0.14057	0.050341	0.60579	0.71274	0.69568	0.57205	0.48779	0.41691
0.090231	0.19009	-0.31283	0.63589	0.58698	0.57047	0.5531	0.4993
0.18944	-0.14861	0.57732	0.34496	0.36736	0.381	0.31084	0.24909
0.078322	0.32926	0.4455	0.62988	0.66814	0.50243	0.4855	0.42852
-0.089157	0.27625	0.39695	0.66664	0.56602	0.50049	0.40578	0.36497
-0.10764	0.32294	0.77918	0.55265	0.63706	0.5221	0.51838	0.49369
-0.13973	0.37211	0.55177	0.54181	0.51179	0.42425	0.45224	0.44726
-0.36698	-0.15777	0.17414	0.3613	0.53377	0.63594	0.60186	0.6054
0.044516	0.42653	0.33574	0.42727	0.28194	0.39957	0.4268	0.42234
0.40954	0.3042	0.35772	0.4451	0.47664	0.40413	0.42204	0.37091
0.092239	0.63732	0.77576	0.72685	0.61366	0.50473	0.46091	0.4375
0.20405	0.044519	-0.30639	-0.3701	0.086113	0.2555	0.26933	0.2668
0.21061	0.13362	0.34959	0.48397	0.51054	0.36201	0.32939	0.38823
0.048015	0.065248	0.14386	0.15574	0.37098	0.35299	0.378	0.33166
-0.11809	-0.0138	0.058089	0.10399	0.49448	0.38371	0.4227	0.44638
-0.029739	0.15357	0.01668	0.0084576	0.36271	0.36302	0.33666	0.33404
0.053103	0.13423	0.42038	0.45644	0.55806	0.65407	0.65895	0.56179
-0.57563	0.15242	0.42845	0.46556	0.61321	0.57328	0.51203	0.49196
0.058764	0.17528	0.49514	0.28648	0.39515	0.31578	0.3102	0.32902
0.080778	0.0022843	0.22354	0.36487	0.47909	0.54458	0.44462	0.35396
-0.33648	-0.29562	-0.013978	0.13721	0.47938	0.54264	0.46196	0.38743
-0.13899	0.6735	0.75236	0.6644	0.70609	0.70221	0.65185	0.604
0.467	0.35733	0.34553	0.27041	0.3628	0.5196	0.48268	0.46422
0.046566	0.088546	0.66093	0.53367	0.61173	0.63718	0.55463	0.53371
-0.52479	-0.45047	0.0037088	0.29989	0.28719	0.13073	0.22881	0.26323
-0.054101	0.27203	0.33045	0.52815	0.6428	0.65686	0.5143	0.50341
0.19775	0.13798	-0.10549	-0.35666	0.064389	0.27409	0.3974	0.42848
0.37005	0.6932	0.73254	0.76219	0.67015	0.52828	0.47427	0.40814
-0.35914	-0.12904	-0.036596	0.11816	0.47376	0.41814	0.37115	0.37643
0.065805	-0.41805	-0.15559	0.1485	0.27209	0.33456	0.32341	0.30962
-0.049606	0.19699	0.26204	0.52855	0.55361	0.65013	0.58233	0.53402
0.40976	0.69746	0.72446	0.67518	0.60924	0.49897	0.51517	0.44355
-0.24431	0.58977	0.47421	0.44111	0.68867	0.70196	0.57754	0.55238
0.098013	0.10945	0.10603	0.24172	0.32218	0.45237	0.427	0.4963
0.40619	0.61592	0.69047	0.56653	0.59062	0.61287	0.58419	0.55245
0.065239	0.14838	0.23864	0.066606	0.40939	0.4059	0.34197	0.38544
0.19779	-0.21644	-0.24302	0.0068418	0.49345	0.57934	0.52133	0.50717
0.05553	-0.34318	0.013073	0.38112	0.55546	0.51497	0.47191	0.41964
0.29857	0.40664	0.30618	0.3898	0.39977	0.55027	0.53513	0.43847
0.15071	0.38173	0.31427	0.29249	0.27984	0.47854	0.49383	0.4792
-0.028546	-0.1411	0.16155	0.5449	0.42132	0.47114	0.48954	0.49307
-0.10081	0.078221	0.24221	0.48766	0.58798	0.50099	0.46295	0.41792
-0.30873	0.10685	-0.0019787	0.34979	0.53364	0.52923	0.49265	0.39497
-0.21018	-0.0054474	0.10369	0.52001	0.68906	0.58102	0.53212	0.50534
-0.092478	-0.15879	0.085221	0.29766	0.28356	0.27779	0.33165	0.33113
0.056755	-0.15277	0.21079	0.40671	0.30398	0.48156	0.42148	0.44013
0.19938	0.069628	-0.010511	0.021919	0.0055848	0.17824	0.26088	0.29235
-0.2332	0.034299	0.3802	0.61644	0.64628	0.56939	0.50857	0.47858
0.22382	0.12466	0.63859	0.83542	0.76095	0.71801	0.64576	0.5728
0.029455	0.3518	0.29211	0.47309	0.68059	0.58581	0.54046	0.5014
-0.30039	-0.50747	0.25988	0.51467	0.48298	0.43515	0.40862	0.41764
0.097052	0.061885	0.49783	0.59975	0.61034	0.65362	0.5747	0.52751
0.35361	0.62189	0.7451	0.60477	0.55445	0.50717	0.52215	0.49129
-0.4729	0.2376	0.53268	0.58211	0.54432	0.5799	0.54687	0.52514
0.41649	0.47465	0.48833	0.50281	0.6202	0.65273	0.56771	0.54386
0.06415	0.25052	0.1959	0.298	0.40262	0.49252	0.46426	0.4778
0.58826	0.71424	0.72999	0.78493	0.83013	0.63314	0.56651	0.48823
-0.02392	0.22207	0.070506	0.30541	0.40486	0.45602	0.38356	0.35931
-0.20107	0.17541	0.58007	0.47644	0.41478	0.42191	0.35989	0.33996
0.07372	0.43067	0.36573	0.54938	0.54302	0.48161	0.51329	0.50643
0.20014	0.32616	-0.35287	-0.42898	0.31119	0.60699	0.54573	0.47562
0.27773	0.58755	0.63718	0.63011	0.64828	0.63617	0.63263	0.58895
-0.12717	0.41679	0.71721	0.83631	0.79753	0.55335	0.52359	0.51251
0.18189	0.33921	0.3756	0.65489	0.71817	0.62212	0.54661	0.54686
0.2682	0.67664	0.62849	0.65477	0.63738	0.60031	0.54168	0.49644
-0.016007	0.45598	0.6532	0.6788	0.57201	0.6301	0.57854	0.56721
-0.33593	-0.033279	0.043501	0.1207	0.38092	0.47837	0.4979	0.51334
0.202	-0.26923	0.27736	0.39656	0.40916	0.43563	0.42316	0.35308
-0.21932	-0.11992	0.1775	0.58083	0.42674	0.63099	0.50435	0.45296
0.32592	0.032339	0.080088	0.60438	0.62068	0.51779	0.44997	0.44174
-0.058225	-0.35567	-0.18951	0.02739	0.42176	0.48902	0.37355	0.33876
-0.14994	-0.082195	0.4946	0.35158	0.17857	0.053887	0.15356	0.26618
-0.1076	-0.11873	-0.075799	0.10785	0.44925	0.59894	0.558	0.52487
0.21377	0.48759	0.20221	0.28248	0.40173	0.41244	0.34343	0.3134
-0.21066	0.051533	0.12364	0.30856	0.49638	0.48907	0.41788	0.37512
-0.12532	0.093807	-0.090902	0.21654	0.2871	0.38433	0.3389	0.2354
0.021594	0.1471	-0.13192	0.32346	0.4803	0.32989	0.31083	0.33069
-0.0083445	-0.10159	0.22936	0.36168	0.51019	0.69515	0.71825	0.65976
0.0055321	0.27966	0.41493	0.23486	0.254	0.37408	0.35281	0.35546
-0.062219	0.27501	0.61068	0.63048	0.60158	0.38408	0.41224	0.39087
0.17476	0.27993	0.21196	0.47382	0.59731	0.59091	0.58662	0.56777
0.083601	0.13131	0.22986	0.36388	0.43998	0.41976	0.44886	0.45292
-0.25124	-0.0031016	0.50908	0.56561	0.55106	0.51605	0.42203	0.44452
-0.13039	0.26679	0.35376	0.59496	0.5802	0.5853	0.5156	0.47225
-0.14946	0.11626	0.43536	-0.33363	0.43137	0.55768	0.51829	0.44392
-0.07444	0.47545	0.56385	0.58109	0.54184	0.57232	0.5145	0.51711
-0.10296	0.54018	0.62847	0.68038	0.68636	0.70015	0.62729	0.58509
-0.066726	0.55891	0.69232	0.64105	0.65998	0.6914	0.63582	0.62353
0.12245	0.2254	0.40195	0.65572	0.57353	0.53061	0.48595	0.4465
-0.27286	0.066022	0.43488	0.42175	0.64064	0.50731	0.44379	0.41059
-0.067708	-0.1221	-0.17335	-0.04351	0.01958	0.28045	0.33739	0.38474
0.065262	-0.17513	-0.29011	-0.1396	0.024014	-0.12245	0.096932	0.18084
-0.068579	-0.23203	-0.1191	-0.027239	0.24661	0.37678	0.35912	0.37188
-0.0027259	0.3747	0.21436	0.42837	0.5129	0.37233	0.41821	0.46652
0.40187	0.20528	0.42185	0.58384	0.62838	0.47796	0.45503	0.44236
0.11305	0.47835	0.60587	0.62085	0.6355	0.54011	0.51913	0.5252
-0.18359	0.09907	0.47043	0.7236	0.73356	0.6345	0.52365	0.45971
0.36297	-0.077697	-0.063093	0.038902	0.26722	0.539	0.5656	0.41967
0.083444	0.31068	0.53018	0.55484	0.57231	0.58527	0.49299	0.47974
0.26457	0.52345	0.59938	0.6435	0.57461	0.62853	0.58358	0.4748
0.26537	0.42795	0.62307	0.70632	0.7994	0.65362	0.59193	0.5464
-0.11013	0.027538	0.06947	0.026828	0.14715	0.46026	0.42397	0.40014
0.0029292	-0.0088276	-0.27301	-0.18896	0.10817	0.30368	0.3549	0.37115
0.43752	0.21795	0.58704	0.71308	0.65658	0.46599	0.45731	0.36019
0.20507	-0.03574	0.0099915	0.3498	0.5449	0.55796	0.46883	0.37834
-0.01496	0.46532	0.13684	0.36385	0.51612	0.57192	0.50618	0.47725
0.084547	0.1763	0.27391	0.53292	0.55589	0.50064	0.50773	0.48771
0.14192	-0.043711	-0.28857	0.026922	0.29937	0.55381	0.57856	0.55681
-0.091425	0.28524	0.36283	0.52856	0.54648	0.60556	0.60806	0.53712
0.29066	0.34779	0.052883	0.17224	0.30672	0.45585	0.39794	0.36607
-0.18567	0.24385	0.32009	0.48559	0.50499	0.52251	0.46129	0.46045
0.19005	0.081538	-0.23109	0.055523	0.14841	0.5236	0.53943	0.53276
0.20701	0.35674	0.44229	0.41655	0.4639	0.53529	0.45435	0.38299
-0.052046	-0.15565	-0.061021	0.13123	0.37603	0.36132	0.36733	0.37224
-0.18652	0.028655	0.051459	0.45724	0.50065	0.55885	0.57477	0.53753
-0.12034	-0.51926	-0.41647	-0.11832	0.17347	0.31972	0.34066	0.32408
-0.12489	-0.28789	0.30306	0.24761	0.24001	0.32545	0.3736	0.40768
-0.18547	-0.36551	-0.00030274	0.043616	0.094908	0.20191	0.26017	0.2351
0.26933	0.31473	0.58716	0.73317	0.54169	0.50735	0.48036	0.40246
-0.04417	0.35988	0.3797	0.62564	0.62376	0.692	0.63798	0.55524
0.30012	0.27307	0.077091	0.32336	0.42127	0.40556	0.30883	0.31446
0.34501	0.19082	0.37028	0.3503	0.29116	0.58443	0.58722	0.56102
-0.3961	0.031265	0.27211	0.48976	0.33943	0.40136	0.42785	0.43453
0.45242	0.65444	0.60708	0.72127	0.67971	0.68944	0.6156	0.54467
0.21188	0.14099	0.26065	0.062405	0.40151	0.40426	0.44415	0.39459
0.35107	0.17158	0.16932	0.25233	0.059087	0.25337	0.319	0.31011
-0.12599	-0.17116	-0.027934	0.33162	0.60611	0.58727	0.56504	0.52971
0.31848	0.37323	0.6623	0.62781	0.58325	0.54069	0.54281	0.47978
-0.10749	-0.28776	-0.10059	-0.20877	0.055376	0.46862	0.45349	0.44701
-0.085746	0.16335	0.16022	0.32941	0.50865	0.52979	0.50849	0.45519
-0.28244	-0.016192	0.22302	0.60723	0.62191	0.59059	0.55286	0.48888
0.16074	0.2615	0.43671	0.3546	0.48295	0.3241	0.36568	0.35664
-0.46362	-0.44574	-0.23578	0.25371	0.27755	0.42869	0.46651	0.43913
-0.022804	0.47479	0.42454	0.61031	0.54576	0.47325	0.47136	0.43985
0.15328	0.30531	0.50335	0.43286	0.49222	0.42117	0.35816	0.32409
0.30946	0.54354	0.59566	0.64155	0.568	0.55829	0.5191	0.5188
0.42984	0.54198	0.84504	0.82241	0.70079	0.6167	0.59528	0.54465
-0.15114	0.030968	0.13474	0.28664	0.37155	0.42412	0.4232	0.43633
-0.54051	-0.23604	-0.0098192	0.18108	0.33742	0.40878	0.36748	0.34057
-0.32838	0.15062	0.40703	0.64136	0.4222	0.47919	0.48223	0.49796
-0.12425	-0.16228	-0.02901	0.34779	0.58865	0.65032	0.59892	0.55189
-0.011357	0.52435	0.3632	0.54468	0.65097	0.55825	0.39518	0.30297
-0.039252	-0.2143	-0.35761	-0.092509	0.20718	0.52167	0.49146	0.46196
-0.057101	0.069775	0.6299	0.76078	0.63885	0.46832	0.39841	0.38714
-0.29386	0.32284	0.29428	0.21219	0.11424	0.12418	0.15851	0.24582
-0.36762	-0.10237	0.23672	0.58499	0.3578	0.2661	0.31627	0.32315
-0.10467	0.53727	0.76625	0.89445	0.905	0.83071	0.73284	0.68865
0.42554	0.27915	0.19299	0.27119	0.31651	0.3487	0.35502	0.34683
-0.087518	-0.059519	0.15651	0.47232	0.40846	0.501	0.48211	0.45921
0.29806	0.25532	0.62851	0.78918	0.74382	0.76105	0.73275	0.68755
0.46855	0.62779	0.68627	0.54767	0.54292	0.43107	0.38629	0.37577
-0.18877	0.065604	-0.054817	0.27842	0.32801	0.41073	0.35519	0.24899
-0.22986	0.44865	0.49695	0.56449	0.4529	0.55027	0.50165	0.47461
-0.11917	0.012872	0.18159	0.56515	0.4688	0.39436	0.38089	0.37384
0.014918	0.31285	0.46342	0.44843	0.59671	0.57594	0.407	0.38788
0.33951	-0.0060188	0.34209	0.30904	0.083148	0.33218	0.35661	0.32603
0.053477	0.50419	0.7109	0.55492	0.52436	0.48295	0.45161	0.4539
0.28393	0.14492	0.10358	-0.09229	-0.13016	0.21359	0.23118	0.33444
0.22426	0.24278	0.22023	0.51249	0.55084	0.47282	0.44707	0.39073
-0.029585	0.011113	0.49344	0.49997	0.49195	0.54725	0.52848	0.49158
0.040353	-0.32347	-0.24622	-0.063318	0.28381	0.48542	0.48346	0.4638
0.11784	0.15512	0.45856	0.56111	0.43361	0.37261	0.34799	0.37141
-0.20024	-0.0069515	0.18562	0.37695	0.49575	0.59203	0.53553	0.45592
-0.024404	-0.33408	-0.40143	0.093895	0.39239	0.28374	0.39028	0.36813
0.10834	-0.01466	0.28815	0.34286	0.63167	0.67	0.60002	0.47848
0.33643	0.26746	0.46414	0.50581	0.69791	0.53978	0.48317	0.39491
0.19669	0.44591	0.49608	0.61246	0.62546	0.59888	0.49844	0.48486
0.13962	0.19803	0.60426	0.55547	0.57448	0.628	0.55297	0.54368
0.13862	0.22193	0.61983	0.46338	0.64139	0.63232	0.62545	0.63565
-0.20576	-0.4072	0.43532	0.4485	0.37999	0.41378	0.40074	0.45809
-0.28723	0.081802	0.08497	-0.076542	0.10246	0.34282	0.37157	0.30205
-0.089824	-0.1407	0.011251	0.32735	0.49088	0.59801	0.48545	0.47992
-0.030332	0.26544	0.54393	0.66625	0.66091	0.65564	0.58902	0.53302
-0.0010448	-0.10966	0.08416	0.26231	0.51541	0.61359	0.5502	0.49358
0.057719	-0.14254	0.26802	0.33224	0.48669	0.48107	0.54588	0.52012
-0.12047	0.22575	0.63968	0.53564	0.44459	0.50183	0.44871	0.34298
0.42939	0.59956	0.53916	0.62738	0.73017	0.56725	0.46895	0.45815
-0.21037	0.42654	0.4472	0.65807	0.59943	0.66717	0.62989	0.57514
0.13045	-0.0066377	0.022748	0.40582	0.62505	0.58763	0.50259	0.46696
-0.034755	0.076118	0.22769	0.062875	0.34432	0.32133	0.32909	0.32036
0.091258	-0.090054	0.1285	0.4705	0.5892	0.70453	0.59624	0.52082
0.28544	0.63279	0.75991	0.81996	0.68355	0.62767	0.62571	0.60597
-0.047552	-0.037812	0.17512	0.6295	0.6602	0.59193	0.5233	0.52058
0.35957	0.47476	0.39558	0.55406	0.62525	0.52411	0.51759	0.5217
-0.079382	-0.1313	-0.059927	-0.056931	0.096195	0.36798	0.35425	0.36709
0.092084	0.46735	0.69561	0.63275	0.35326	0.4405	0.41969	0.43492
-0.031313	-0.27027	-0.30125	-0.23665	0.55433	0.56831	0.47291	0.49308
-0.071797	0.57382	0.64894	0.68326	0.68912	0.70353	0.61293	0.59404
-0.15464	-0.035784	0.16561	0.40869	0.4678	0.46937	0.46602	0.44372
0.20683	0.41128	0.41882	0.3494	0.63002	0.55142	0.41783	0.36448
-0.43607	-0.4825	-0.45359	-0.36053	-0.043118	0.046617	0.097008	0.181
-0.27857	-0.12372	-0.046996	0.18446	0.31981	0.48453	0.48187	0.43898
0.072632	0.20686	0.5053	0.53213	0.52475	0.40618	0.37535	0.38705
0.14654	0.19601	0.32653	0.48938	0.40999	0.49035	0.53463	0.48684
0.33271	0.39319	0.41344	0.7053	0.5963	0.45767	0.40542	0.36375
-0.2354	-0.11938	0.10313	0.3822	0.47893	0.47466	0.47297	0.45626
-0.07681	0.2036	0.16413	0.096216	0.30208	0.55523	0.50239	0.43996
0.36885	0.4361	0.51386	0.12404	0.43019	0.63031	0.60407	0.52008
0.15204	0.068697	0.22145	0.37222	0.41908	0.55264	0.51794	0.45251
0.12496	-0.15016	-0.11564	0.028056	0.3566	0.45988	0.40634	0.41831
0.19986	-0.020447	-0.26874	-0.14999	-0.082227	0.071893	0.11232	0.25289
-0.1358	0.41403	0.59432	0.83377	0.75375	0.68235	0.58744	0.48809
-0.029074	-0.06579	0.31865	0.47309	0.31386	0.27832	0.28855	0.40924
0.0091123	-0.17416	0.47929	0.26924	0.45948	0.46465	0.47106	0.42542
0.15568	-0.11262	-0.11056	0.34051	0.48746	0.53463	0.51974	0.4962
0.049261	-0.089933	0.32353	0.58025	0.56968	0.53895	0.5725	0.5408
-0.0064084	0.54211	0.64076	0.65552	0.66237	0.6975	0.60994	0.58322
0.36042	0.17616	0.42545	0.67235	0.61768	0.53687	0.53844	0.46177
-0.1781	0.25254	0.36456	0.14259	0.32928	0.33814	0.35697	0.38304
0.066028	0.14633	0.25752	0.39614	0.37757	0.50063	0.5393	0.51152
-0.18747	0.57454	0.6633	0.64722	0.67893	0.69374	0.60959	0.58215
-0.32986	-0.080449	0.25543	0.4697	0.56002	0.54425	0.48002	0.46759
-0.22338	-0.20123	-0.53076	-0.24811	0.30598	0.52107	0.44343	0.43711
-0.08267	-0.35977	0.41094	0.42217	0.63514	0.62614	0.50828	0.54899
-0.14954	0.079165	0.27326	0.41189	0.55909	0.68587	0.6212	0.54695
-0.050107	0.15827	0.17594	0.34509	0.47918	0.47089	0.48422	0.41401
0.1956	-0.022105	0.14082	0.75802	0.6755	0.59237	0.46039	0.4342
0.079963	0.20955	0.42071	0.74975	0.71552	0.58975	0.60385	0.59597
-0.22824	-0.17257	-0.12078	0.14313	0.44725	0.51334	0.50522	0.4858
0.20613	0.41277	0.55423	0.55948	0.65951	0.56078	0.4946	0.42943
-0.20989	0.31963	0.38968	0.49192	0.44441	0.43987	0.48289	0.46925
0.54595	0.12769	0.4076	0.64509	0.61943	0.59032	0.55528	0.50629
0.22276	-0.060514	-0.2295	-0.40522	0.028712	0.16652	0.24643	0.29687
0.28367	-0.28204	-0.18269	0.20768	0.59605	0.70588	0.61495	0.57668
0.23264	0.05388	0.29717	0.32048	0.36615	0.40439	0.35149	0.37997
-0.099119	0.52821	0.59705	0.65377	0.51651	0.34872	0.38558	0.40806
0.16017	0.32635	0.4445	0.31005	0.29776	0.29775	0.3009	0.36228
-0.27656	-0.44899	-0.4153	-0.12316	0.28262	0.44874	0.41507	0.38706
0.17154	0.3929	0.30777	0.52643	0.49655	0.55017	0.52268	0.49527
0.34999	0.51798	0.59411	0.58701	0.51649	0.56819	0.56166	0.51691
0.084845	0.32891	0.090841	0.087424	0.33218	0.49785	0.43366	0.41446
0.051588	0.71508	0.81233	0.54261	0.35713	0.39766	0.44309	0.43631
0.054789	0.0047364	-0.058479	0.063394	0.1522	0.35165	0.36916	0.33031
0.18504	0.15073	0.38599	0.19642	0.3273	0.56305	0.53637	0.46013
0.1571	0.47888	0.69592	0.54414	0.54606	0.50779	0.47403	0.44403
-0.093076	-0.25563	0.10386	0.2355	0.43981	0.58288	0.63954	0.57781
-0.16842	-0.17272	-0.34005	-0.28211	0.061571	0.45359	0.44528	0.43377
0.36367	0.4282	0.34779	0.43711	0.54976	0.46342	0.50339	0.46683
0.21625	0.14693	-0.071805	0.11873	0.27892	0.37608	0.42751	0.40671
0.21632	-0.2055	-0.18807	0.18027	0.59464	0.60248	0.58126	0.59249
0.049817	0.17757	0.18644	0.35484	0.39799	0.54619	0.46385	0.40104
0.12456	0.44274	0.55904	0.64534	0.59689	0.4883	0.44814	0.46751
-0.012467	0.098194	0.0060211	0.3234	0.37761	0.45184	0.44688	0.43008
-0.21157	-0.17836	-0.0022962	0.44068	0.59158	0.57493	0.58442	0.55479
-0.18047	0.23994	0.33939	0.23412	0.4156	0.43868	0.44393	0.45855
-0.21326	-0.046735	0.47784	0.50097	0.46533	0.35613	0.38061	0.43839
0.34979	0.43072	-0.029207	0.29156	0.47341	0.4426	0.4704	0.41616
-0.12821	0.55476	0.64577	0.66589	0.68642	0.69203	0.61275	0.57858
-0.15012	0.60514	0.73547	0.70541	0.70047	0.71039	0.6331	0.59655
-0.082723	0.2488	0.24784	0.31484	0.37501	0.35305	0.38718	0.41659
0.0076464	0.38862	0.72868	0.81922	0.73274	0.71016	0.64477	0.56483
0.20144	0.53335	0.44056	0.52042	0.40558	0.53396	0.53166	0.5042
-0.10692	0.17918	0.61503	0.76861	0.73572	0.74852	0.66382	0.59292
-0.31375	-0.24326	-0.43806	-0.41952	-0.28353	-0.16622	-0.014998	0.1182
0.68769	0.71801	0.59419	0.85552	0.7762	0.70282	0.67042	0.60769
0.027345	-0.050351	0.28643	0.54441	0.39643	0.55415	0.42156	0.41627
0.49752	0.71954	0.70829	0.47515	0.37844	0.44327	0.38077	0.40821
0.097736	0.46579	0.55234	0.65398	0.61976	0.42031	0.37902	0.39138
-0.026363	-0.41974	-0.061209	0.41547	0.3767	0.41265	0.47547	0.43877
0.38034	0.56401	0.57289	0.58872	0.41765	0.30706	0.368	0.36999
0.072828	-0.13786	0.10837	0.27355	0.55478	0.56833	0.463	0.43268
0.34719	0.32562	0.0025193	0.16212	0.27894	0.40674	0.46127	0.42953
-0.097929	-0.050952	0.19724	0.40048	0.70115	0.65329	0.55173	0.49922
-0.094292	-0.09082	0.051185	0.25266	0.25059	0.35881	0.26509	0.219
0.15917	0.5763	0.47271	0.52913	0.58682	0.55833	0.56716	0.56025
-0.12297	0.39919	0.1272	-0.026328	0.45682	0.546	0.49498	0.44037
0.17804	0.58982	0.65665	0.46582	0.49357	0.58332	0.55689	0.49921
0.044304	0.25886	0.20434	0.46788	0.52229	0.43121	0.44965	0.43309
0.13838	-0.061513	0.5102	0.63446	0.70464	0.6989	0.55868	0.52029
-0.039104	-0.29579	-0.1591	-0.2066	0.092411	0.2289	0.22978	0.23597
-0.55473	-0.41929	-0.24483	0.08836	0.23285	0.2995	0.28175	0.26992
0.16844	0.15298	0.1583	0.70615	0.61484	0.55697	0.56611	0.54646
-0.018185	0.59877	0.60862	0.49762	0.58862	0.55076	0.56452	0.55292
-0.13054	0.59426	0.73306	0.6986	0.71466	0.71626	0.64275	0.59708
-0.13311	-0.013386	-0.07184	0.10892	0.41933	0.58508	0.51857	0.47369
0.23851	-0.043158	0.11212	0.35493	0.36233	0.47322	0.4707	0.43874
-0.041308	0.31788	0.4983	0.29966	0.57817	0.59417	0.4075	0.40054
-0.080087	-0.14398	-0.30536	0.49365	0.56738	0.48491	0.52035	0.43797
-0.28092	0.043229	0.36034	0.41189	0.43192	0.41916	0.44816	0.42354
0.30067	0.21922	0.24407	0.35242	0.37291	0.37022	0.27691	0.34297
-0.026081	0.35337	0.41596	0.32652	0.10652	0.28923	0.30823	0.2884
0.090635	-0.047509	0.4641	0.6205	0.62013	0.61496	0.49371	0.46709
-0.14974	-0.083618	-0.056019	0.33215	0.60996	0.55198	0.52158	0.45287
0.010817	0.33255	0.51227	0.46706	0.74281	0.70004	0.59187	0.55378
-0.2261	-0.026481	0.61803	0.63872	0.57144	0.43366	0.4577	0.45983
-0.16699	0.028784	0.26677	0.48253	0.41104	0.20436	0.12473	0.13785
0.30907	-0.091517	0.23735	0.45797	0.46696	0.54301	0.53925	0.50331
0.21348	0.45766	0.61976	0.59149	0.49183	0.20979	0.21098	0.23604
-0.20611	0.028566	0.18657	0.036117	0.43352	0.53767	0.43911	0.363
0.1339	0.17797	0.2916	0.53279	0.39889	0.55455	0.57322	0.55228
-0.084337	-0.2795	-0.3835	-0.088852	0.10446	0.31296	0.31929	0.38326
0.076964	0.38474	0.71918	0.69976	0.72795	0.63453	0.5478	0.5012
0.29336	0.40743	-0.033429	0.14974	0.34335	0.32352	0.30301	0.29169
-0.021686	-0.037746	0.015135	0.36562	0.44215	0.56077	0.47804	0.43049
0.33809	0.50898	0.53416	0.25065	0.31087	0.29382	0.3255	0.36115
0.12182	-0.10064	0.10979	0.25244	0.13953	0.28496	0.29015	0.35012
0.21431	0.001605	0.28281	0.061279	0.34002	0.48163	0.40905	0.38663
-0.024808	0.12444	0.23996	0.20912	0.36441	0.38615	0.49158	0.47212
-0.15751	-0.36296	-0.23108	0.12916	0.48317	0.54698	0.43822	0.40245
0.42162	0.53408	0.64362	0.69758	0.57882	0.62033	0.57439	0.49051
0.41372	0.23306	0.43644	0.66766	0.66562	0.58644	0.54539	0.52423
-0.25627	0.0031037	0.03554	0.22849	0.27079	0.17697	0.16919	0.19631
-0.022557	0.11163	0.40266	0.52662	0.56668	0.45637	0.41981	0.39218
0.085185	0.34688	0.39188	0.66468	0.37474	0.55155	0.42956	0.39036
-0.15393	0.3577	0.40224	0.52952	0.49646	0.60923	0.57296	0.52144
-0.4311	0.46608	0.58305	0.62183	0.59467	0.38589	0.35726	0.31482
-0.24917	0.17899	0.4808	0.62305	0.63491	0.6345	0.54939	0.51876
0.13196	0.32162	0.43806	0.6566	0.53629	0.46545	0.47404	0.45419
0.23231	0.68632	0.80367	0.83705	0.47574	0.3564	0.35966	0.36634
0.34702	0.085156	0.67449	0.62383	0.57041	0.5158	0.48213	0.43805
-0.05628	-0.044013	0.32576	0.31429	0.42562	0.46995	0.43616	0.40639
-0.11847	-0.18164	0.3697	0.5525	0.41003	0.43716	0.47119	0.43722
-0.23545	0.21478	0.4823	0.20713	0.51001	0.69502	0.6327	0.59436
0.12252	0.025346	0.14234	0.61305	0.57802	0.50797	0.5182	0.48614
0.058779	0.56615	0.71699	0.70527	0.72357	0.74766	0.6502	0.61364
0.10684	-0.11783	0.11841	0.3904	0.49288	0.3777	0.34866	0.3627
-0.3557	-0.12623	0.066911	0.031072	0.021191	0.32135	0.42374	0.35666
-0.033005	-0.16216	-0.095892	0.3048	0.43042	0.46731	0.39876	0.37474
-0.14813	0.25656	0.34513	0.14411	0.38561	0.45362	0.35778	0.36602
-0.31373	-0.11867	0.60177	0.72243	0.66738	0.6262	0.53646	0.50798
0.4848	0.31466	0.43396	0.40165	0.51315	0.4194	0.37136	0.37591
0.13261	0.22535	0.38472	0.52186	0.41175	0.39123	0.36324	0.3831
0.22615	0.21109	0.65528	0.808	0.67024	0.54292	0.5253	0.42986
0.12228	0.39697	0.56921	0.55634	0.68811	0.61175	0.58734	0.49374
0.20704	-0.44027	-0.043729	0.10556	0.27903	0.42412	0.45374	0.46891
0.18356	0.38407	0.48942	0.43778	0.57677	0.45287	0.35886	0.36399
0.18146	0.22739	0.24087	0.2487	0.4768	0.54782	0.53885	0.49004
-0.30934	-0.5292	-0.70319	-0.68002	0.046725	0.35391	0.32124	0.3147
0.18131	0.19898	0.47113	0.35604	0.47362	0.43728	0.42446	0.41009
0.091799	0.22884	0.45698	0.53444	0.38915	0.33973	0.32405	0.32061
-0.22303	-0.4716	-0.59992	-0.041456	0.046734	0.31443	0.3403	0.29064
0.043114	-0.29819	-0.13	0.46244	0.53625	0.44693	0.43395	0.40539
-0.16699	0.16192	0.20667	0.22879	0.20434	0.27342	0.28746	0.31422
-0.014734	-0.14659	0.40572	0.46208	0.52632	0.60909	0.54632	0.49659
-0.031931	0.076378	0.065481	0.33205	0.47859	0.44651	0.47817	0.47226
-0.033482	-0.25015	0.20526	0.19107	0.48733	0.32778	0.33823	0.33754
-0.021827	0.219	0.34432	0.56424	0.51131	0.48141	0.4145	0.40575
0.25625	0.30579	0.14771	0.033948	0.40539	0.56231	0.58511	0.55536
-0.10937	0.11545	0.11315	0.18962	0.058251	0.042564	0.1028	0.17544
-0.01678	-0.26383	-0.37106	-0.25199	0.24181	0.44402	0.47738	0.45712
0.052745	-0.0010855	0.38508	0.38305	0.54098	0.56571	0.45446	0.45615
0.1161	0.42364	0.31653	0.15917	0.091787	0.24141	0.30719	0.33754
0.19965	0.24293	-0.00054663	-0.064715	0.31537	0.40689	0.48198	0.41774
-0.2059	0.045194	0.38576	0.5058	0.49704	0.58995	0.53631	0.50066
-0.47365	-0.29322	-0.56489	-0.02775	0.1419	0.38402	0.42705	0.46747
-0.068086	-0.19062	0.011141	0.52776	0.53688	0.405	0.36278	0.38747
0.15182	0.042378	0.37607	0.76959	0.6907	0.61737	0.50557	0.50141
-0.087553	-0.13107	-0.10921	0.5819	0.61871	0.48521	0.43714	0.4142
-0.43223	-0.35815	-0.4027	-0.26183	-0.033589	0.067056	0.094815	0.12577
0.13757	0.2345	0.41258	0.59474	0.49637	0.36887	0.38252	0.41029
0.0061975	0.64216	0.67522	0.69863	0.66233	0.60629	0.61802	0.56948
0.087439	0.094425	0.07273	0.24405	0.40242	0.47095	0.48109	0.40773
-0.034471	-0.27699	0.15948	0.68969	0.5886	0.47116	0.48819	0.47784
0.34936	-0.075083	0.098269	0.34463	0.381	0.46044	0.45921	0.44152
0.26195	0.62769	0.67843	0.70043	0.76318	0.74252	0.65415	0.63227
0.46455	0.32839	0.57291	0.44172	0.63105	0.5544	0.52928	0.45506
0.02702	-0.15116	0.38213	0.36628	0.55302	0.54999	0.51961	0.44466
-0.25305	-0.13904	-0.10915	-0.024597	0.14216	0.32565	0.28816	0.35222
-0.13185	0.085004	0.49993	0.66227	0.63299	0.44865	0.46096	0.44786
0.092337	0.41138	0.28679	0.41596	0.48232	0.68162	0.60151	0.55574
0.24759	0.56312	0.58558	0.62177	0.53469	0.46506	0.38053	0.35731
0.15411	-0.15798	0.29679	0.33384	0.19539	0.23508	0.35534	0.31545
-0.097754	-0.44173	-0.50181	-0.17162	0.29847	0.47915	0.4617	0.46314
0.19743	0.12902	0.47438	0.59685	0.81919	0.70683	0.55125	0.51871
-0.14075	0.15257	0.24305	0.32081	0.38638	0.34362	0.33236	0.30204
0.23647	0.33964	0.65609	0.57391	0.56763	0.51218	0.34519	0.26851
0.052166	0.011085	-0.037358	0.14269	0.21833	0.37319	0.27892	0.23688
-0.1492	0.075685	0.42323	0.55058	0.50466	0.4305	0.43276	0.41807
0.10969	-0.10799	0.046249	0.38968	0.47211	0.52081	0.4811	0.47451
-0.026242	0.10569	0.42065	0.44717	0.532	0.44154	0.45686	0.4383
0.3152	0.36402	0.21116	0.43931	0.42409	0.47295	0.48425	0.46873
0.35152	0.090533	-0.087803	0.0081915	0.53736	0.66623	0.63534	0.57625
0.054801	0.24087	0.3438	0.36199	0.26789	0.50447	0.49446	0.45094
-0.038793	-0.08581	0.72844	0.74128	0.63349	0.5757	0.50948	0.49763
-0.059685	0.090131	0.046506	0.15062	0.21445	0.24175	0.24728	0.27814
0.13439	0.48694	0.38361	0.5079	0.64278	0.55949	0.52898	0.49654
-0.010923	0.17221	0.25253	0.44466	0.52665	0.53618	0.44609	0.43443
0.26294	0.12396	-0.085731	-0.1464	0.19695	0.32597	0.45285	0.42642
0.17581	-0.1069	-0.094648	0.16165	0.28099	0.47704	0.43235	0.46676
-0.23057	-0.015283	0.090823	0.47619	0.59297	0.60853	0.61526	0.54741
0.42704	0.48483	0.82441	0.81212	0.78339	0.74367	0.73557	0.65141
-0.22891	-0.079148	0.34852	0.32821	0.24055	0.33218	0.37796	0.32471
0.13515	0.26186	0.44155	0.5802	0.3275	0.12642	0.25253	0.30001
-0.03448	0.2013	0.20123	0.34847	0.28364	0.32749	0.37103	0.38274
0.070371	0.13644	0.4054	0.69487	0.65363	0.53737	0.53554	0.5084
0.24887	0.48439	0.72754	0.69272	0.43474	0.46735	0.43776	0.41979
0.19249	0.22599	0.46436	0.55115	0.39322	0.54377	0.4842	0.46832
-0.28217	-0.13374	-0.13092	-0.18283	0.19366	0.37152	0.40186	0.41481
-0.18579	-0.25865	-0.21753	0.055922	0.10883	0.47759	0.40953	0.39263
-0.17284	0.19714	0.28646	0.35659	0.31664	0.39942	0.45913	0.46066
-0.19055	-0.21285	-0.23184	-0.11028	0.1812	0.22078	0.28638	0.2716
0.31958	0.30822	0.28293	0.3804	0.39764	0.35996	0.33759	0.35846
0.073841	0.16139	0.2699	0.26161	0.45659	0.50438	0.46815	0.42673
0.17446	0.46236	0.54039	0.69232	0.47535	0.42504	0.42607	0.38065
0.054391	0.29355	0.33947	0.50453	0.51997	0.60129	0.5737	0.4618
-0.19315	-0.077943	0.22007	0.51673	0.52984	0.5352	0.43432	0.39742
-0.3044	-0.054682	0.31232	0.81795	0.78742	0.78463	0.71975	0.66763
0.17879	0.054613	0.0055448	0.22077	0.38492	0.49976	0.47103	0.47883
0.30617	0.084688	-0.0059612	0.3241	0.43856	0.37817	0.37047	0.34188
0.01843	-0.055252	-0.0077017	0.098121	0.21055	0.38441	0.37869	0.37155
0.10851	0.073707	0.14918	0.26884	0.36949	0.39033	0.39628	0.41185
-0.15591	0.50806	0.59404	0.61876	0.63347	0.70027	0.60357	0.59238
0.31212	0.61568	0.55297	0.5624	0.59283	0.58309	0.55095	0.49808
0.014036	0.288	0.58315	0.73334	0.62333	0.66653	0.60968	0.5449
-0.19436	0.077126	0.24248	0.47945	0.4351	0.53443	0.50195	0.44914
0.27222	-0.10064	-0.0005554	0.16696	0.20096	0.2986	0.36723	0.37639
0.028018	0.23318	0.12568	0.48349	0.42561	0.45288	0.44578	0.37461
-0.3669	-0.37459	-0.073261	0.18858	0.43975	0.41628	0.40585	0.34928
-0.18282	-0.27128	0.73826	0.50312	0.4827	0.51547	0.41495	0.39258
0.064118	0.19231	0.41401	0.55019	0.48042	0.47731	0.43711	0.46357
-0.10268	-0.32543	-0.31401	-0.069987	0.090809	0.15477	0.22274	0.27163
-0.21282	0.11608	0.37781	0.72689	0.73134	0.66409	0.56144	0.44571
-0.0055446	0.13397	0.51974	0.56496	0.56868	0.47631	0.47753	0.38899
-0.19959	0.23494	0.4857	0.41092	0.42539	0.40817	0.42204	0.36248
0.25436	-0.089762	-0.057195	-0.00094217	0.25696	0.34718	0.34798	0.30425
0.039691	0.36542	0.52484	0.68705	0.62429	0.48503	0.41014	0.37617
-0.048293	-0.229	0.40705	0.30685	0.45099	0.3266	0.30431	0.32151
-0.28454	-0.32656	-0.15819	0.28546	0.56734	0.59473	0.4561	0.36966
0.065954	0.44186	0.31173	0.21083	0.32593	0.27177	0.33928	0.32338
0.15668	0.4804	0.54632	0.56681	0.5555	0.50603	0.48946	0.45472
0.33817	0.18312	0.14311	0.7255	0.68585	0.61279	0.60444	0.57772
-0.46709	-0.048914	-0.056267	0.20022	0.11742	0.16206	0.18116	0.22792
0.015705	0.19275	0.39887	0.3563	0.43463	0.36207	0.375	0.31007
-0.10011	-0.14306	0.075663	0.39474	0.41743	0.42132	0.44174	0.40153
0.43363	-0.49873	0.13175	0.032268	0.15087	0.29844	0.28812	0.31207
-0.075558	0.17986	0.28512	0.29756	0.21174	0.23568	0.36614	0.39128
-0.0086053	0.14259	0.16682	0.38318	0.37478	0.43468	0.39339	0.38247
-0.060848	-0.059854	0.36394	0.45811	0.28471	0.20526	0.25864	0.26579
-0.069038	0.21875	0.52327	0.5238	0.33778	0.3241	0.38781	0.40544
0.063487	0.1883	0.22442	-0.057194	0.037231	0.26619	0.36192	0.36556
-0.076644	0.59157	0.72783	0.71053	0.67006	0.70327	0.62388	0.59895
0.076058	0.037149	0.24541	0.61692	0.44346	0.32573	0.41258	0.44445
0.19065	-0.029739	-0.12236	0.47649	0.48939	0.50823	0.51142	0.51221
0.46079	0.438	0.56235	0.65453	0.5867	0.46768	0.44631	0.40899
0.22666	0.40299	0.55152	0.62249	0.60046	0.52835	0.53556	0.49234
-0.11345	-0.090451	-0.026624	0.18393	0.56545	0.56385	0.50982	0.50927
-0.095651	0.12096	0.27831	0.35309	0.40188	0.4829	0.51719	0.47137
-0.086984	0.37146	0.20432	0.23005	0.44369	0.43778	0.46808	0.43927
-0.45027	-0.52341	-0.20893	0.1101	0.2944	0.45058	0.39987	0.35993
-0.15962	-0.016492	0.12357	0.14151	0.11388	0.30781	0.39691	0.39026
0.063603	0.57396	0.63263	0.58388	0.73736	0.6002	0.5151	0.47214
-0.042859	-0.35723	0.24247	0.49025	0.5365	0.53139	0.53682	0.49539
0.02106	0.1078	0.15614	0.25373	0.32899	0.41076	0.40989	0.36398
-0.065259	0.25174	0.28181	0.55757	0.60796	0.58147	0.58528	0.56072
0.1838	0.43005	0.61804	0.40605	0.14182	0.35591	0.42818	0.42234
0.056957	0.33352	0.46029	0.31315	0.53772	0.47662	0.4399	0.41654
0.27354	-0.040227	0.19462	0.61927	0.69128	0.59427	0.57579	0.48928
0.072402	0.017307	-0.097344	0.31701	0.52565	0.54444	0.46849	0.46106
0.2915	0.5581	0.47404	0.28985	0.3889	0.40551	0.38631	0.38605
-0.12661	-0.16507	-0.17291	-0.4322	0.3697	0.51185	0.54445	0.52657
0.022028	0.44718	0.56772	0.62884	0.65424	0.53222	0.45076	0.46226
-0.18897	0.29686	0.21626	0.39336	0.39782	0.4202	0.44741	0.45819
-0.039343	0.2664	0.39366	0.5997	0.65204	0.53431	0.55281	0.50965
0.45583	0.722	0.71232	0.76987	0.79873	0.68974	0.7225	0.65537
0.13797	0.10549	0.28556	0.50303	0.50272	0.45569	0.40763	0.40347
0.14892	0.3752	0.2482	0.23997	0.21611	0.18697	0.17847	0.26802
0.35844	0.48521	0.54428	0.6292	0.50427	0.47334	0.41633	0.3564
0.012506	0.46527	0.64289	0.63473	0.53779	0.52476	0.48876	0.43352
-0.30284	-0.050158	0.6572	0.53268	0.55126	0.39107	0.41004	0.37583
0.10736	-0.022924	0.40154	0.45399	0.39154	0.53531	0.61755	0.54799
0.15229	0.026743	-0.075343	-0.23268	0.31175	0.38426	0.37634	0.36679
-0.10508	0.083614	0.28556	0.31349	0.39375	0.41747	0.34729	0.38587
0.17925	0.62869	0.75295	0.64447	0.65948	0.62091	0.59419	0.4951
0.22799	0.3835	0.35176	0.6212	0.64943	0.63302	0.58332	0.52954
-0.3635	-0.65321	-0.52763	-0.24259	-0.13588	-0.078833	-0.056856	0.0091976
0.12923	0.18439	0.49798	0.3146	0.32368	0.46783	0.46847	0.45351
0.22962	0.31609	0.56781	0.56425	0.52753	0.49933	0.42263	0.38252
-0.24733	0.096335	-0.0071126	0.35879	0.5477	0.4591	0.38035	0.34302
-0.25022	-0.11092	0.15849	0.37921	0.38025	0.59929	0.42626	0.39076
0.45228	0.32426	0.19292	0.3071	0.28522	0.35384	0.40799	0.40629
-0.10271	0.56364	0.47435	0.44625	0.58344	0.48692	0.37117	0.38162
0.31322	-0.30969	-0.31885	0.29805	0.42674	0.45897	0.47782	0.40977
-0.085218	0.39038	0.6826	0.77496	0.66464	0.68699	0.61027	0.57139
0.62401	0.74489	0.7836	0.76923	0.67787	0.67405	0.64085	0.56763
0.33608	0.37605	0.51115	0.56842	0.44394	0.48853	0.4	0.38594
-0.32926	-0.19602	-0.10789	0.27917	0.30693	0.34999	0.36585	0.34225
-0.053797	0.061678	-0.3615	-0.34172	0.095352	0.24336	0.32059	0.31336
0.10938	0.24032	0.46826	0.528	0.47973	0.45564	0.43996	0.44025
-0.31753	0.69632	0.75628	0.83006	0.74912	0.6222	0.616	0.54589
-0.17086	0.0017318	0.18227	0.16267	0.28956	0.35468	0.38763	0.36864
0.10555	0.39229	0.29962	0.57023	0.48231	0.44861	0.4577	0.40925
0.40086	0.65768	0.76758	0.8744	0.62885	0.60084	0.54606	0.54005
-0.073929	0.52743	0.46375	0.60877	0.6613	0.5935	0.53587	0.46359
0.18427	-0.10567	0.36729	0.3506	0.32766	0.39591	0.38444	0.4422
0.24336	0.33296	0.46914	0.58369	0.56405	0.47153	0.46285	0.41997
0.16695	0.61541	0.25603	-0.081673	0.13384	0.18635	0.27817	0.28191
-0.18906	0.31969	0.53809	0.63627	0.55728	0.50152	0.51476	0.50045
0.19769	0.20263	0.35885	0.5937	0.61444	0.58682	0.54495	0.49018
0.02497	0.0027984	0.11344	0.28739	0.28554	0.30713	0.31328	0.31264
-0.11576	0.0081498	0.17014	0.06637	0.27133	0.25907	0.27751	0.30823
-0.0707	0.18177	0.078189	0.39539	0.58544	0.68777	0.68933	0.61143
0.26267	0.40695	0.30139	0.26506	0.10564	0.2457	0.28574	0.30915
0.33156	-0.21336	0.16442	0.45577	0.65343	0.54463	0.50369	0.45822
-0.055512	0.075412	0.24535	0.63626	0.69082	0.59907	0.63347	0.59497
0.27192	0.68689	0.6869	0.84463	0.82974	0.68698	0.61413	0.62071
-0.0044632	0.0088134	0.077726	0.12496	0.38845	0.57056	0.51993	0.49691
-0.17248	0.29564	0.56683	0.79365	0.7608	0.65171	0.57207	0.43636
0.22072	-0.24761	0.1356	0.37713	0.30904	0.28439	0.31966	0.39786
-0.062708	0.041324	0.12109	0.09152	0.43167	0.52086	0.47055	0.46294
0.34503	0.47679	0.43358	0.33905	0.31379	0.41544	0.31582	0.25858
0.17584	0.349	0.33161	0.37411	0.45422	0.51398	0.44414	0.40226
0.42377	0.23772	0.27791	0.67673	0.46035	0.38563	0.43718	0.38354
0.14327	0.61239	0.69106	0.46331	0.56585	0.50869	0.47317	0.4558
-0.12821	0.55476	0.64577	0.66589	0.68642	0.69203	0.61275	0.57858
-0.083923	-0.10523	-0.25072	-0.0034295	0.21263	0.44229	0.45603	0.42979
0.13149	0.16941	0.69144	0.82345	0.78122	0.60229	0.56609	0.50817
0.041332	0.1981	0.2078	0.31198	0.30199	0.39906	0.44297	0.429
0.50558	0.14996	0.35656	0.2766	0.31216	0.37861	0.38447	0.37272
0.38506	0.053897	0.16513	0.55167	0.6408	0.63718	0.57228	0.57135
0.046196	0.32653	0.32697	0.33657	0.41434	0.30079	0.36139	0.32544
0.033697	0.10589	0.52211	0.64495	0.58117	0.45596	0.40711	0.35371
0.23286	0.089673	0.158	0.024219	0.26523	0.34456	0.3747	0.32581
0.051843	0.060556	-0.006101	0.31207	0.39991	0.62011	0.63473	0.61956
-0.015382	0.073562	0.036524	0.092973	0.039926	0.42624	0.49873	0.42872
-0.34722	0.268	0.46846	0.60623	0.61713	0.6031	0.57342	0.49583
-0.1541	-0.26576	-0.1433	-0.31319	-0.017159	0.31238	0.31356	0.38003
0.39776	0.53574	0.66305	0.74815	0.7804	0.73269	0.66535	0.57972
-0.16096	-0.19231	-0.22938	0.36693	0.47054	0.52265	0.38058	0.36758
-0.69876	-0.034566	0.39817	0.43724	0.33571	0.41296	0.4626	0.40765
0.3406	0.45489	0.57518	0.67999	0.76493	0.57369	0.47584	0.40235
-0.18015	-0.017522	0.25548	0.53318	0.47358	0.41334	0.33222	0.26817
0.11003	0.45653	0.36788	0.728	0.57181	0.61378	0.50943	0.4552
-0.012351	0.22182	0.42412	0.53435	0.45099	0.30964	0.33641	0.32143
-0.068357	0.33392	0.22484	0.57725	0.56209	0.66982	0.54387	0.51518
0.14713	0.4974	0.37474	0.58734	0.58902	0.55372	0.56001	0.52307
-0.26827	0.04973	0.41962	0.48902	0.51438	0.5172	0.58022	0.4893
-0.32104	-0.057846	-0.16734	0.19124	0.39473	0.44737	0.32716	0.36157
0.10348	0.29968	0.48984	0.85481	0.83746	0.62979	0.58646	0.52948
-0.2421	-0.079649	0.046997	-0.01854	0.041955	0.17877	0.2232	0.15423
-0.23729	0.046671	0.28991	0.43959	0.39226	0.33846	0.33865	0.30081
0.018337	0.2151	-0.056613	0.1848	0.30489	0.56467	0.53092	0.48604
0.28859	0.32012	0.43408	0.4747	0.40394	0.409	0.37091	0.3543
-0.084445	0.56514	0.68841	0.65481	0.67251	0.69301	0.62652	0.62415
0.33697	0.52131	0.53834	0.72542	0.71202	0.66183	0.57469	0.50754
-0.06775	0.071888	0.22906	-0.019548	0.19494	0.22962	0.2646	0.23286
0.085292	0.058308	0.11032	0.39721	0.37645	0.3168	0.31678	0.33516
0.062406	0.53895	0.67422	0.67322	0.68989	0.70106	0.62087	0.59
-0.11043	0.63335	0.76844	0.73273	0.69689	0.70149	0.63315	0.5911
-0.32441	-0.18971	0.16252	0.42576	0.39857	0.31631	0.40334	0.44655
-0.032674	0.44029	0.5445	0.67513	0.75361	0.71236	0.54845	0.44832
-0.28212	-0.28868	0.42093	0.5755	0.6208	0.55477	0.5062	0.45038
0.43389	0.72165	0.66272	0.5703	0.55226	0.46965	0.41204	0.39249
-0.018057	0.10881	-0.13424	0.28935	0.28482	0.33641	0.29846	0.33683
-0.048131	0.10037	0.19532	0.3238	0.62249	0.65511	0.524	0.48741
0.15729	0.38974	0.40362	0.38961	0.37101	0.34231	0.40393	0.36608
